1 1 50
1 2 71
1 3 87
1 4 30
1 5 59
1 6 45
1 7 61
1 8 90
1 9 90
1 10 47
1 11 28
1 12 54
1 13 70
1 14 72
1 15 55
1 16 66
1 17 89
1 18 44
1 19 80
1 20 11
1 21 25
1 22 83
1 23 46
1 24 21
1 25 32
1 26 52
1 27 43
1 28 55
1 29 72
1 30 80
1 31 71
1 32 12
1 33 51
1 34 11
1 35 72
1 36 10
1 37 65
1 38 56
1 39 64
1 40 40
1 41 47
1 42 48
1 43 47
1 44 28
1 45 21
1 46 57
1 47 48
1 48 59
1 49 79
1 50 86
1 51 72
1 52 30
1 53 89
1 54 65
1 55 74
1 56 78
1 57 76
1 58 54
1 59 85
1 60 23
1 61 80
1 62 53
1 63 73
1 64 27
1 65 54
1 66 83
1 67 46
1 68 55
1 69 16
1 70 17
1 71 50
1 72 80
1 73 53
1 74 44
1 75 16
1 76 50
1 77 78
1 78 73
1 79 60
1 80 66
1 81 34
1 82 80
1 83 73
1 84 86
1 85 75
1 86 60
1 87 25
1 88 27
1 89 10
1 90 34
1 91 22
1 92 45
1 93 69
1 94 26
1 95 34
1 96 72
1 97 62
1 98 16
2 1 30
2 2 73
2 3 31
2 4 55
2 5 66
2 6 69
2 7 21
2 8 54
2 9 11
2 10 82
2 11 13
2 12 58
2 13 78
2 14 39
2 15 69
2 16 25
2 17 31
2 18 33
2 19 53
2 20 71
2 21 45
2 22 36
2 23 82
2 24 47
2 25 79
2 26 56
2 27 17
2 28 19
2 29 15
2 30 71
2 31 38
2 32 79
2 33 89
2 34 62
2 35 68
2 36 74
2 37 83
2 38 82
2 39 19
2 40 26
2 41 25
2 42 48
2 43 36
2 44 25
2 45 42
2 46 52
2 47 20
2 48 39
2 49 24
2 50 14
2 51 54
2 52 89
2 53 18
2 54 56
2 55 79
2 56 58
2 57 31
2 58 39
2 59 89
2 60 78
2 61 65
2 62 70
2 63 37
2 64 48
2 65 30
2 66 18
2 67 82
2 68 47
2 69 70
2 70 12
2 71 71
2 72 26
2 73 27
2 74 88
2 75 53
2 76 37
2 77 47
2 78 80
2 79 27
2 80 10
2 81 44
2 82 25
2 83 41
2 84 20
2 85 27
2 86 64
2 87 84
2 88 19
2 89 56
2 90 68
2 91 68
2 92 71
2 93 60
2 94 84
2 95 20
2 96 58
2 97 43
2 98 39
3 1 62
3 2 42
3 3 61
3 4 67
3 5 13
3 6 62
3 7 45
3 8 21
3 9 79
3 10 73
3 11 53
3 12 78
3 13 24
3 14 65
3 15 49
3 16 41
3 17 27
3 18 45
3 19 27
3 20 49
3 21 46
3 22 17
3 23 53
3 24 55
3 25 41
3 26 57
3 27 87
3 28 37
3 29 22
3 30 38
3 31 41
3 32 37
3 33 22
3 34 62
3 35 77
3 36 27
3 37 69
3 38 77
3 39 90
3 40 79
3 41 83
3 42 28
3 43 20
3 44 54
3 45 87
3 46 38
3 47 76
3 48 58
3 49 10
3 50 11
3 51 42
3 52 14
3 53 64
3 54 52
3 55 79
3 56 24
3 57 79
3 58 78
3 59 19
3 60 28
3 61 28
3 62 24
3 63 49
3 64 20
3 65 24
3 66 41
3 67 48
3 68 31
3 69 53
3 70 14
3 71 65
3 72 47
3 73 52
3 74 58
3 75 13
3 76 85
3 77 36
3 78 87
3 79 51
3 80 70
3 81 40
3 82 88
3 83 45
3 84 43
3 85 53
3 86 45
3 87 23
3 88 79
3 89 33
3 90 15
3 91 86
3 92 73
3 93 42
3 94 72
3 95 40
3 96 68
3 97 76
3 98 41
4 1 42
4 2 73
4 3 57
4 4 12
4 5 70
4 6 55
4 7 54
4 8 50
4 9 53
4 10 72
4 11 88
4 12 49
4 13 39
4 14 10
4 15 35
4 16 84
4 17 61
4 18 88
4 19 30
4 20 60
4 21 66
4 22 40
4 23 51
4 24 74
4 25 78
4 26 37
4 27 52
4 28 37
4 29 39
4 30 90
4 31 23
4 32 65
4 33 50
4 34 69
4 35 55
4 36 60
4 37 43
4 38 31
4 39 28
4 40 20
4 41 19
4 42 13
4 43 47
4 44 45
4 45 32
4 46 13
4 47 12
4 48 50
4 49 10
4 50 67
4 51 17
4 52 66
4 53 16
4 54 77
4 55 38
4 56 10
4 57 12
4 58 12
4 59 72
4 60 84
4 61 64
4 62 44
4 63 22
4 64 55
4 65 82
4 66 32
4 67 78
4 68 61
4 69 80
4 70 65
4 71 17
4 72 67
4 73 67
4 74 42
4 75 61
4 76 37
4 77 28
4 78 82
4 79 10
4 80 29
4 81 30
4 82 71
4 83 64
4 84 39
4 85 42
4 86 16
4 87 37
4 88 68
4 89 52
4 90 53
4 91 40
4 92 61
4 93 17
4 94 86
4 95 42
4 96 80
4 97 67
4 98 84
5 1 33
5 2 75
5 3 38
5 4 50
5 5 60
5 6 41
5 7 27
5 8 17
5 9 65
5 10 74
5 11 63
5 12 72
5 13 55
5 14 29
5 15 83
5 16 17
5 17 25
5 18 50
5 19 78
5 20 53
5 21 31
5 22 78
5 23 40
5 24 30
5 25 79
5 26 26
5 27 18
5 28 82
5 29 31
5 30 72
5 31 85
5 32 52
5 33 79
5 34 90
5 35 63
5 36 61
5 37 72
5 38 33
5 39 31
5 40 13
5 41 63
5 42 67
5 43 23
5 44 63
5 45 78
5 46 67
5 47 60
5 48 39
5 49 42
5 50 13
5 51 86
5 52 66
5 53 32
5 54 40
5 55 70
5 56 10
5 57 14
5 58 17
5 59 58
5 60 88
5 61 60
5 62 63
5 63 37
5 64 24
5 65 12
5 66 51
5 67 78
5 68 69
5 69 72
5 70 40
5 71 15
5 72 15
5 73 36
5 74 73
5 75 84
5 76 34
5 77 36
5 78 90
5 79 66
5 80 52
5 81 21
5 82 78
5 83 25
5 84 50
5 85 30
5 86 72
5 87 36
5 88 53
5 89 78
5 90 50
5 91 20
5 92 47
5 93 59
5 94 45
5 95 26
5 96 54
5 97 14
5 98 48
6 1 61
6 2 56
6 3 49
6 4 25
6 5 71
6 6 54
6 7 88
6 8 74
6 9 42
6 10 25
6 11 37
6 12 33
6 13 60
6 14 59
6 15 41
6 16 67
6 17 33
6 18 16
6 19 49
6 20 23
6 21 51
6 22 73
6 23 15
6 24 29
6 25 80
6 26 66
6 27 77
6 28 59
6 29 44
6 30 44
6 31 18
6 32 63
6 33 38
6 34 72
6 35 15
6 36 23
6 37 28
6 38 69
6 39 71
6 40 86
6 41 35
6 42 61
6 43 61
6 44 11
6 45 16
6 46 36
6 47 23
6 48 50
6 49 51
6 50 76
6 51 23
6 52 55
6 53 16
6 54 47
6 55 30
6 56 13
6 57 58
6 58 54
6 59 15
6 60 74
6 61 15
6 62 37
6 63 66
6 64 77
6 65 85
6 66 23
6 67 52
6 68 66
6 69 74
6 70 49
6 71 40
6 72 75
6 73 16
6 74 24
6 75 11
6 76 68
6 77 71
6 78 14
6 79 36
6 80 79
6 81 45
6 82 86
6 83 46
6 84 70
6 85 89
6 86 63
6 87 82
6 88 75
6 89 52
6 90 83
6 91 41
6 92 81
6 93 58
6 94 49
6 95 15
6 96 10
6 97 62
6 98 73
7 1 22
7 2 53
7 3 77
7 4 16
7 5 62
7 6 28
7 7 49
7 8 21
7 9 36
7 10 28
7 11 72
7 12 71
7 13 58
7 14 61
7 15 31
7 16 11
7 17 28
7 18 53
7 19 77
7 20 52
7 21 54
7 22 33
7 23 20
7 24 81
7 25 85
7 26 70
7 27 81
7 28 89
7 29 60
7 30 42
7 31 27
7 32 57
7 33 21
7 34 89
7 35 12
7 36 89
7 37 66
7 38 26
7 39 38
7 40 46
7 41 40
7 42 43
7 43 75
7 44 60
7 45 22
7 46 75
7 47 49
7 48 70
7 49 20
7 50 84
7 51 54
7 52 79
7 53 34
7 54 62
7 55 45
7 56 24
7 57 10
7 58 47
7 59 44
7 60 81
7 61 54
7 62 22
7 63 12
7 64 20
7 65 21
7 66 30
7 67 84
7 68 59
7 69 60
7 70 59
7 71 19
7 72 78
7 73 11
7 74 66
7 75 76
7 76 71
7 77 80
7 78 87
7 79 17
7 80 29
7 81 42
7 82 59
7 83 38
7 84 85
7 85 77
7 86 73
7 87 25
7 88 57
7 89 89
7 90 69
7 91 16
7 92 45
7 93 84
7 94 78
7 95 10
7 96 36
7 97 17
7 98 13
8 1 47
8 2 63
8 3 29
8 4 53
8 5 13
8 6 71
8 7 35
8 8 40
8 9 71
8 10 81
8 11 48
8 12 68
8 13 56
8 14 33
8 15 78
8 16 71
8 17 26
8 18 33
8 19 45
8 20 45
8 21 86
8 22 77
8 23 63
8 24 89
8 25 64
8 26 61
8 27 62
8 28 67
8 29 72
8 30 35
8 31 37
8 32 18
8 33 38
8 34 22
8 35 39
8 36 23
8 37 56
8 38 66
8 39 29
8 40 50
8 41 30
8 42 36
8 43 14
8 44 27
8 45 36
8 46 19
8 47 23
8 48 37
8 49 28
8 50 78
8 51 61
8 52 69
8 53 43
8 54 69
8 55 51
8 56 11
8 57 46
8 58 50
8 59 31
8 60 68
8 61 80
8 62 27
8 63 35
8 64 16
8 65 19
8 66 29
8 67 70
8 68 69
8 69 33
8 70 14
8 71 48
8 72 50
8 73 39
8 74 30
8 75 65
8 76 76
8 77 48
8 78 38
8 79 10
8 80 46
8 81 24
8 82 60
8 83 14
8 84 88
8 85 28
8 86 84
8 87 33
8 88 19
8 89 63
8 90 72
8 91 38
8 92 54
8 93 56
8 94 50
8 95 88
8 96 62
8 97 56
8 98 34
9 1 28
9 2 90
9 3 81
9 4 22
9 5 85
9 6 15
9 7 73
9 8 66
9 9 61
9 10 72
9 11 76
9 12 76
9 13 41
9 14 53
9 15 57
9 16 45
9 17 82
9 18 82
9 19 45
9 20 51
9 21 79
9 22 10
9 23 11
9 24 17
9 25 28
9 26 86
9 27 70
9 28 22
9 29 24
9 30 31
9 31 24
9 32 45
9 33 70
9 34 73
9 35 78
9 36 68
9 37 53
9 38 83
9 39 72
9 40 32
9 41 73
9 42 13
9 43 64
9 44 64
9 45 47
9 46 63
9 47 85
9 48 59
9 49 83
9 50 49
9 51 48
9 52 24
9 53 80
9 54 37
9 55 74
9 56 19
9 57 73
9 58 52
9 59 66
9 60 13
9 61 23
9 62 78
9 63 17
9 64 38
9 65 11
9 66 31
9 67 13
9 68 68
9 69 74
9 70 28
9 71 53
9 72 12
9 73 25
9 74 24
9 75 61
9 76 10
9 77 37
9 78 17
9 79 83
9 80 64
9 81 37
9 82 42
9 83 85
9 84 31
9 85 20
9 86 67
9 87 44
9 88 70
9 89 35
9 90 13
9 91 80
9 92 63
9 93 69
9 94 11
9 95 35
9 96 26
9 97 60
9 98 22
10 1 70
10 2 52
10 3 45
10 4 20
10 5 88
10 6 74
10 7 14
10 8 54
10 9 39
10 10 76
10 11 68
10 12 45
10 13 52
10 14 76
10 15 83
10 16 66
10 17 17
10 18 50
10 19 36
10 20 66
10 21 70
10 22 23
10 23 48
10 24 87
10 25 19
10 26 15
10 27 51
10 28 56
10 29 17
10 30 89
10 31 15
10 32 64
10 33 59
10 34 24
10 35 55
10 36 52
10 37 36
10 38 49
10 39 75
10 40 73
10 41 70
10 42 73
10 43 73
10 44 24
10 45 15
10 46 89
10 47 71
10 48 61
10 49 34
10 50 61
10 51 10
10 52 11
10 53 15
10 54 62
10 55 56
10 56 83
10 57 12
10 58 50
10 59 27
10 60 42
10 61 73
10 62 21
10 63 72
10 64 89
10 65 63
10 66 30
10 67 76
10 68 46
10 69 76
10 70 30
10 71 21
10 72 78
10 73 87
10 74 41
10 75 33
10 76 42
10 77 68
10 78 14
10 79 28
10 80 13
10 81 29
10 82 11
10 83 12
10 84 32
10 85 73
10 86 20
10 87 48
10 88 20
10 89 46
10 90 27
10 91 44
10 92 15
10 93 38
10 94 45
10 95 77
10 96 29
10 97 84
10 98 90
11 1 62
11 2 50
11 3 37
11 4 89
11 5 66
11 6 53
11 7 47
11 8 30
11 9 58
11 10 82
11 11 11
11 12 70
11 13 63
11 14 38
11 15 17
11 16 42
11 17 23
11 18 11
11 19 46
11 20 11
11 21 31
11 22 13
11 23 37
11 24 79
11 25 15
11 26 31
11 27 37
11 28 89
11 29 73
11 30 83
11 31 34
11 32 15
11 33 55
11 34 27
11 35 60
11 36 64
11 37 47
11 38 32
11 39 49
11 40 12
11 41 29
11 42 36
11 43 58
11 44 12
11 45 20
11 46 82
11 47 54
11 48 11
11 49 78
11 50 55
11 51 11
11 52 72
11 53 83
11 54 65
11 55 82
11 56 17
11 57 33
11 58 61
11 59 32
11 60 37
11 61 45
11 62 72
11 63 21
11 64 37
11 65 79
11 66 29
11 67 26
11 68 68
11 69 25
11 70 78
11 71 87
11 72 19
11 73 61
11 74 64
11 75 55
11 76 73
11 77 26
11 78 47
11 79 61
11 80 46
11 81 39
11 82 81
11 83 16
11 84 62
11 85 73
11 86 57
11 87 62
11 88 64
11 89 19
11 90 70
11 91 15
11 92 54
11 93 68
11 94 44
11 95 38
11 96 88
11 97 75
11 98 90
12 1 49
12 2 79
12 3 71
12 4 64
12 5 90
12 6 51
12 7 39
12 8 37
12 9 19
12 10 79
12 11 35
12 12 13
12 13 72
12 14 83
12 15 52
12 16 64
12 17 67
12 18 69
12 19 17
12 20 12
12 21 69
12 22 35
12 23 16
12 24 62
12 25 21
12 26 40
12 27 31
12 28 83
12 29 47
12 30 29
12 31 36
12 32 60
12 33 76
12 34 65
12 35 65
12 36 52
12 37 17
12 38 67
12 39 73
12 40 58
12 41 72
12 42 60
12 43 82
12 44 72
12 45 11
12 46 78
12 47 17
12 48 70
12 49 27
12 50 37
12 51 47
12 52 34
12 53 58
12 54 82
12 55 34
12 56 22
12 57 89
12 58 38
12 59 38
12 60 52
12 61 88
12 62 81
12 63 80
12 64 36
12 65 83
12 66 15
12 67 38
12 68 36
12 69 45
12 70 77
12 71 31
12 72 87
12 73 69
12 74 83
12 75 16
12 76 32
12 77 89
12 78 27
12 79 40
12 80 37
12 81 24
12 82 34
12 83 89
12 84 49
12 85 90
12 86 41
12 87 24
12 88 10
12 89 64
12 90 38
12 91 41
12 92 29
12 93 38
12 94 39
12 95 68
12 96 25
12 97 17
12 98 16
13 1 71
13 2 57
13 3 77
13 4 33
13 5 47
13 6 34
13 7 89
13 8 65
13 9 65
13 10 44
13 11 24
13 12 17
13 13 12
13 14 65
13 15 84
13 16 20
13 17 48
13 18 47
13 19 48
13 20 82
13 21 34
13 22 71
13 23 63
13 24 69
13 25 53
13 26 88
13 27 38
13 28 76
13 29 87
13 30 17
13 31 84
13 32 67
13 33 47
13 34 42
13 35 13
13 36 37
13 37 60
13 38 60
13 39 78
13 40 19
13 41 45
13 42 41
13 43 46
13 44 57
13 45 34
13 46 74
13 47 11
13 48 87
13 49 55
13 50 45
13 51 39
13 52 46
13 53 11
13 54 41
13 55 89
13 56 25
13 57 24
13 58 25
13 59 41
13 60 62
13 61 62
13 62 66
13 63 23
13 64 15
13 65 22
13 66 54
13 67 21
13 68 10
13 69 61
13 70 37
13 71 90
13 72 70
13 73 50
13 74 44
13 75 23
13 76 23
13 77 43
13 78 77
13 79 38
13 80 53
13 81 57
13 82 45
13 83 70
13 84 28
13 85 20
13 86 21
13 87 19
13 88 28
13 89 48
13 90 24
13 91 45
13 92 28
13 93 21
13 94 19
13 95 42
13 96 60
13 97 43
13 98 50
14 1 60
14 2 21
14 3 56
14 4 76
14 5 41
14 6 44
14 7 36
14 8 80
14 9 71
14 10 24
14 11 33
14 12 70
14 13 14
14 14 68
14 15 80
14 16 65
14 17 79
14 18 47
14 19 69
14 20 18
14 21 74
14 22 11
14 23 42
14 24 20
14 25 13
14 26 58
14 27 24
14 28 20
14 29 62
14 30 53
14 31 79
14 32 73
14 33 12
14 34 44
14 35 15
14 36 11
14 37 39
14 38 51
14 39 33
14 40 31
14 41 12
14 42 76
14 43 44
14 44 67
14 45 79
14 46 79
14 47 21
14 48 73
14 49 25
14 50 68
14 51 23
14 52 17
14 53 74
14 54 50
14 55 18
14 56 35
14 57 82
14 58 29
14 59 64
14 60 88
14 61 57
14 62 68
14 63 78
14 64 45
14 65 59
14 66 85
14 67 54
14 68 42
14 69 47
14 70 73
14 71 35
14 72 23
14 73 76
14 74 67
14 75 63
14 76 53
14 77 11
14 78 85
14 79 63
14 80 41
14 81 71
14 82 34
14 83 75
14 84 14
14 85 27
14 86 48
14 87 47
14 88 53
14 89 59
14 90 90
14 91 52
14 92 53
14 93 44
14 94 52
14 95 87
14 96 38
14 97 67
14 98 68
15 1 13
15 2 25
15 3 65
15 4 79
15 5 33
15 6 86
15 7 30
15 8 36
15 9 17
15 10 37
15 11 35
15 12 50
15 13 79
15 14 42
15 15 41
15 16 53
15 17 52
15 18 68
15 19 84
15 20 32
15 21 59
15 22 39
15 23 40
15 24 68
15 25 80
15 26 48
15 27 76
15 28 63
15 29 75
15 30 86
15 31 36
15 32 83
15 33 50
15 34 22
15 35 45
15 36 47
15 37 78
15 38 62
15 39 50
15 40 67
15 41 11
15 42 64
15 43 18
15 44 48
15 45 85
15 46 78
15 47 14
15 48 66
15 49 17
15 50 36
15 51 27
15 52 80
15 53 66
15 54 59
15 55 50
15 56 45
15 57 42
15 58 47
15 59 43
15 60 57
15 61 34
15 62 89
15 63 78
15 64 21
15 65 66
15 66 88
15 67 72
15 68 50
15 69 44
15 70 30
15 71 57
15 72 23
15 73 55
15 74 11
15 75 46
15 76 86
15 77 35
15 78 13
15 79 75
15 80 33
15 81 28
15 82 53
15 83 16
15 84 54
15 85 42
15 86 41
15 87 44
15 88 66
15 89 83
15 90 27
15 91 60
15 92 13
15 93 28
15 94 87
15 95 22
15 96 68
15 97 64
15 98 84
16 1 38
16 2 30
16 3 77
16 4 67
16 5 51
16 6 14
16 7 89
16 8 57
16 9 56
16 10 55
16 11 11
16 12 34
16 13 65
16 14 19
16 15 38
16 16 20
16 17 69
16 18 39
16 19 62
16 20 27
16 21 42
16 22 10
16 23 55
16 24 85
16 25 74
16 26 16
16 27 80
16 28 54
16 29 66
16 30 62
16 31 63
16 32 79
16 33 62
16 34 90
16 35 36
16 36 32
16 37 21
16 38 29
16 39 62
16 40 31
16 41 28
16 42 84
16 43 36
16 44 70
16 45 87
16 46 43
16 47 62
16 48 26
16 49 12
16 50 45
16 51 87
16 52 17
16 53 26
16 54 70
16 55 13
16 56 47
16 57 52
16 58 85
16 59 72
16 60 23
16 61 85
16 62 90
16 63 82
16 64 42
16 65 63
16 66 42
16 67 86
16 68 29
16 69 54
16 70 73
16 71 16
16 72 79
16 73 77
16 74 16
16 75 49
16 76 35
16 77 14
16 78 10
16 79 35
16 80 84
16 81 42
16 82 19
16 83 90
16 84 86
16 85 53
16 86 89
16 87 36
16 88 77
16 89 50
16 90 21
16 91 70
16 92 89
16 93 70
16 94 34
16 95 73
16 96 21
16 97 86
16 98 45
17 1 40
17 2 19
17 3 19
17 4 53
17 5 30
17 6 32
17 7 77
17 8 70
17 9 70
17 10 90
17 11 72
17 12 71
17 13 59
17 14 43
17 15 51
17 16 19
17 17 11
17 18 33
17 19 22
17 20 86
17 21 26
17 22 41
17 23 76
17 24 58
17 25 47
17 26 55
17 27 14
17 28 89
17 29 66
17 30 75
17 31 84
17 32 49
17 33 75
17 34 65
17 35 87
17 36 38
17 37 35
17 38 34
17 39 31
17 40 29
17 41 59
17 42 16
17 43 13
17 44 90
17 45 30
17 46 14
17 47 65
17 48 77
17 49 47
17 50 75
17 51 29
17 52 90
17 53 17
17 54 33
17 55 33
17 56 68
17 57 84
17 58 60
17 59 77
17 60 68
17 61 39
17 62 63
17 63 38
17 64 84
17 65 66
17 66 44
17 67 64
17 68 12
17 69 28
17 70 87
17 71 12
17 72 71
17 73 83
17 74 29
17 75 83
17 76 56
17 77 72
17 78 39
17 79 31
17 80 17
17 81 73
17 82 48
17 83 43
17 84 72
17 85 21
17 86 43
17 87 53
17 88 38
17 89 68
17 90 16
17 91 88
17 92 85
17 93 64
17 94 54
17 95 89
17 96 38
17 97 20
17 98 53
18 1 53
18 2 46
18 3 23
18 4 64
18 5 66
18 6 31
18 7 54
18 8 13
18 9 50
18 10 54
18 11 84
18 12 80
18 13 47
18 14 81
18 15 72
18 16 28
18 17 72
18 18 15
18 19 23
18 20 40
18 21 28
18 22 30
18 23 72
18 24 83
18 25 86
18 26 90
18 27 86
18 28 85
18 29 87
18 30 78
18 31 71
18 32 75
18 33 15
18 34 25
18 35 68
18 36 32
18 37 72
18 38 39
18 39 67
18 40 61
18 41 84
18 42 68
18 43 24
18 44 10
18 45 52
18 46 74
18 47 12
18 48 86
18 49 74
18 50 37
18 51 80
18 52 52
18 53 70
18 54 69
18 55 23
18 56 26
18 57 66
18 58 20
18 59 52
18 60 57
18 61 82
18 62 34
18 63 18
18 64 84
18 65 54
18 66 64
18 67 47
18 68 31
18 69 14
18 70 32
18 71 63
18 72 88
18 73 59
18 74 27
18 75 74
18 76 21
18 77 52
18 78 61
18 79 29
18 80 23
18 81 82
18 82 61
18 83 53
18 84 23
18 85 51
18 86 19
18 87 63
18 88 57
18 89 57
18 90 46
18 91 82
18 92 39
18 93 41
18 94 64
18 95 80
18 96 39
18 97 22
18 98 71
19 1 75
19 2 52
19 3 41
19 4 27
19 5 73
19 6 36
19 7 11
19 8 32
19 9 10
19 10 71
19 11 23
19 12 72
19 13 63
19 14 52
19 15 31
19 16 77
19 17 25
19 18 80
19 19 44
19 20 13
19 21 27
19 22 77
19 23 11
19 24 31
19 25 44
19 26 53
19 27 15
19 28 48
19 29 10
19 30 78
19 31 84
19 32 63
19 33 90
19 34 27
19 35 66
19 36 47
19 37 66
19 38 74
19 39 80
19 40 73
19 41 69
19 42 24
19 43 86
19 44 61
19 45 82
19 46 36
19 47 56
19 48 28
19 49 77
19 50 69
19 51 87
19 52 63
19 53 24
19 54 75
19 55 44
19 56 82
19 57 28
19 58 21
19 59 49
19 60 81
19 61 48
19 62 34
19 63 24
19 64 56
19 65 26
19 66 21
19 67 78
19 68 61
19 69 34
19 70 11
19 71 53
19 72 85
19 73 47
19 74 65
19 75 36
19 76 69
19 77 83
19 78 23
19 79 72
19 80 69
19 81 49
19 82 83
19 83 48
19 84 50
19 85 56
19 86 32
19 87 50
19 88 57
19 89 77
19 90 78
19 91 90
19 92 80
19 93 69
19 94 78
19 95 85
19 96 45
19 97 81
19 98 32
20 1 20
20 2 22
20 3 24
20 4 66
20 5 39
20 6 61
20 7 65
20 8 49
20 9 32
20 10 86
20 11 61
20 12 80
20 13 76
20 14 78
20 15 49
20 16 84
20 17 31
20 18 42
20 19 90
20 20 74
20 21 70
20 22 86
20 23 61
20 24 72
20 25 72
20 26 11
20 27 42
20 28 82
20 29 30
20 30 18
20 31 87
20 32 72
20 33 53
20 34 37
20 35 62
20 36 11
20 37 66
20 38 60
20 39 52
20 40 40
20 41 75
20 42 42
20 43 61
20 44 10
20 45 82
20 46 85
20 47 13
20 48 49
20 49 19
20 50 10
20 51 84
20 52 22
20 53 82
20 54 54
20 55 60
20 56 41
20 57 42
20 58 87
20 59 71
20 60 48
20 61 19
20 62 44
20 63 56
20 64 83
20 65 61
20 66 39
20 67 51
20 68 87
20 69 22
20 70 31
20 71 86
20 72 28
20 73 12
20 74 10
20 75 30
20 76 45
20 77 88
20 78 82
20 79 55
20 80 30
20 81 24
20 82 36
20 83 14
20 84 11
20 85 39
20 86 83
20 87 77
20 88 28
20 89 43
20 90 33
20 91 74
20 92 37
20 93 16
20 94 10
20 95 16
20 96 17
20 97 31
20 98 10
21 1 69
21 2 90
21 3 66
21 4 26
21 5 88
21 6 34
21 7 35
21 8 58
21 9 26
21 10 31
21 11 61
21 12 89
21 13 28
21 14 45
21 15 45
21 16 20
21 17 83
21 18 59
21 19 25
21 20 50
21 21 31
21 22 46
21 23 21
21 24 59
21 25 51
21 26 36
21 27 79
21 28 80
21 29 77
21 30 90
21 31 90
21 32 54
21 33 87
21 34 37
21 35 32
21 36 58
21 37 38
21 38 55
21 39 43
21 40 23
21 41 60
21 42 70
21 43 63
21 44 32
21 45 89
21 46 85
21 47 35
21 48 40
21 49 56
21 50 59
21 51 61
21 52 68
21 53 32
21 54 84
21 55 10
21 56 42
21 57 88
21 58 41
21 59 64
21 60 31
21 61 12
21 62 43
21 63 23
21 64 55
21 65 36
21 66 20
21 67 48
21 68 82
21 69 83
21 70 27
21 71 84
21 72 58
21 73 50
21 74 53
21 75 78
21 76 78
21 77 68
21 78 33
21 79 75
21 80 52
21 81 29
21 82 71
21 83 25
21 84 49
21 85 43
21 86 11
21 87 59
21 88 17
21 89 61
21 90 64
21 91 76
21 92 25
21 93 19
21 94 63
21 95 56
21 96 84
21 97 32
21 98 25
22 1 60
22 2 83
22 3 47
22 4 83
22 5 84
22 6 39
22 7 52
22 8 21
22 9 89
22 10 26
22 11 56
22 12 25
22 13 22
22 14 53
22 15 71
22 16 83
22 17 41
22 18 17
22 19 14
22 20 59
22 21 85
22 22 81
22 23 19
22 24 71
22 25 88
22 26 18
22 27 16
22 28 23
22 29 33
22 30 67
22 31 76
22 32 18
22 33 90
22 34 35
22 35 54
22 36 63
22 37 79
22 38 65
22 39 90
22 40 67
22 41 36
22 42 52
22 43 82
22 44 28
22 45 37
22 46 12
22 47 24
22 48 12
22 49 46
22 50 68
22 51 28
22 52 61
22 53 13
22 54 23
22 55 17
22 56 82
22 57 39
22 58 90
22 59 52
22 60 84
22 61 13
22 62 44
22 63 16
22 64 74
22 65 54
22 66 66
22 67 35
22 68 55
22 69 31
22 70 76
22 71 22
22 72 27
22 73 14
22 74 10
22 75 14
22 76 42
22 77 25
22 78 74
22 79 44
22 80 22
22 81 17
22 82 23
22 83 23
22 84 25
22 85 86
22 86 85
22 87 36
22 88 24
22 89 90
22 90 76
22 91 18
22 92 83
22 93 36
22 94 61
22 95 88
22 96 29
22 97 87
22 98 88
23 1 70
23 2 36
23 3 89
23 4 30
23 5 21
23 6 47
23 7 84
23 8 39
23 9 67
23 10 85
23 11 30
23 12 38
23 13 90
23 14 78
23 15 77
23 16 33
23 17 18
23 18 19
23 19 18
23 20 59
23 21 16
23 22 81
23 23 79
23 24 75
23 25 80
23 26 87
23 27 30
23 28 78
23 29 81
23 30 39
23 31 13
23 32 58
23 33 34
23 34 50
23 35 15
23 36 87
23 37 20
23 38 57
23 39 16
23 40 51
23 41 37
23 42 34
23 43 49
23 44 50
23 45 78
23 46 87
23 47 30
23 48 52
23 49 20
23 50 19
23 51 70
23 52 68
23 53 33
23 54 70
23 55 83
23 56 19
23 57 60
23 58 16
23 59 76
23 60 46
23 61 39
23 62 20
23 63 16
23 64 68
23 65 45
23 66 72
23 67 43
23 68 42
23 69 16
23 70 45
23 71 46
23 72 44
23 73 50
23 74 60
23 75 60
23 76 63
23 77 46
23 78 78
23 79 74
23 80 35
23 81 57
23 82 44
23 83 38
23 84 74
23 85 77
23 86 38
23 87 90
23 88 43
23 89 86
23 90 32
23 91 80
23 92 74
23 93 28
23 94 81
23 95 77
23 96 60
23 97 36
23 98 44
24 1 71
24 2 62
24 3 69
24 4 49
24 5 54
24 6 59
24 7 88
24 8 47
24 9 12
24 10 85
24 11 53
24 12 63
24 13 38
24 14 22
24 15 49
24 16 65
24 17 16
24 18 80
24 19 89
24 20 44
24 21 27
24 22 80
24 23 37
24 24 79
24 25 14
24 26 20
24 27 79
24 28 69
24 29 79
24 30 41
24 31 27
24 32 44
24 33 35
24 34 66
24 35 61
24 36 25
24 37 66
24 38 85
24 39 50
24 40 88
24 41 82
24 42 59
24 43 51
24 44 55
24 45 45
24 46 88
24 47 87
24 48 33
24 49 51
24 50 58
24 51 68
24 52 88
24 53 87
24 54 46
24 55 83
24 56 33
24 57 49
24 58 78
24 59 11
24 60 25
24 61 18
24 62 28
24 63 18
24 64 38
24 65 51
24 66 17
24 67 21
24 68 15
24 69 48
24 70 83
24 71 30
24 72 12
24 73 69
24 74 75
24 75 84
24 76 77
24 77 11
24 78 69
24 79 85
24 80 63
24 81 22
24 82 46
24 83 69
24 84 85
24 85 18
24 86 39
24 87 61
24 88 63
24 89 75
24 90 22
24 91 26
24 92 54
24 93 50
24 94 28
24 95 88
24 96 53
24 97 32
24 98 14
25 1 51
25 2 47
25 3 34
25 4 45
25 5 16
25 6 10
25 7 79
25 8 28
25 9 80
25 10 57
25 11 59
25 12 89
25 13 27
25 14 38
25 15 65
25 16 77
25 17 51
25 18 28
25 19 41
25 20 19
25 21 24
25 22 31
25 23 22
25 24 60
25 25 35
25 26 52
25 27 69
25 28 16
25 29 67
25 30 84
25 31 54
25 32 33
25 33 87
25 34 76
25 35 22
25 36 16
25 37 49
25 38 19
25 39 43
25 40 11
25 41 86
25 42 76
25 43 48
25 44 40
25 45 67
25 46 70
25 47 84
25 48 58
25 49 68
25 50 16
25 51 31
25 52 42
25 53 34
25 54 51
25 55 82
25 56 67
25 57 70
25 58 75
25 59 90
25 60 14
25 61 28
25 62 48
25 63 19
25 64 44
25 65 31
25 66 10
25 67 83
25 68 44
25 69 85
25 70 37
25 71 13
25 72 70
25 73 88
25 74 69
25 75 64
25 76 86
25 77 58
25 78 49
25 79 82
25 80 21
25 81 83
25 82 32
25 83 40
25 84 14
25 85 61
25 86 43
25 87 64
25 88 37
25 89 52
25 90 26
25 91 16
25 92 41
25 93 90
25 94 85
25 95 58
25 96 83
25 97 28
25 98 13
26 1 41
26 2 85
26 3 76
26 4 79
26 5 42
26 6 63
26 7 57
26 8 30
26 9 58
26 10 60
26 11 16
26 12 64
26 13 18
26 14 10
26 15 21
26 16 48
26 17 56
26 18 11
26 19 69
26 20 79
26 21 56
26 22 72
26 23 57
26 24 31
26 25 64
26 26 27
26 27 34
26 28 15
26 29 34
26 30 65
26 31 37
26 32 57
26 33 27
26 34 87
26 35 44
26 36 65
26 37 51
26 38 63
26 39 85
26 40 22
26 41 84
26 42 73
26 43 32
26 44 39
26 45 17
26 46 26
26 47 78
26 48 15
26 49 62
26 50 61
26 51 39
26 52 26
26 53 82
26 54 49
26 55 12
26 56 75
26 57 87
26 58 83
26 59 55
26 60 78
26 61 13
26 62 15
26 63 69
26 64 41
26 65 76
26 66 80
26 67 33
26 68 80
26 69 83
26 70 81
26 71 29
26 72 61
26 73 50
26 74 64
26 75 48
26 76 44
26 77 70
26 78 52
26 79 69
26 80 76
26 81 27
26 82 24
26 83 65
26 84 39
26 85 76
26 86 49
26 87 10
26 88 78
26 89 79
26 90 37
26 91 60
26 92 38
26 93 60
26 94 72
26 95 26
26 96 63
26 97 74
26 98 12
27 1 88
27 2 30
27 3 58
27 4 16
27 5 38
27 6 11
27 7 79
27 8 78
27 9 89
27 10 23
27 11 79
27 12 71
27 13 66
27 14 33
27 15 39
27 16 28
27 17 67
27 18 37
27 19 24
27 20 37
27 21 23
27 22 21
27 23 67
27 24 19
27 25 20
27 26 40
27 27 28
27 28 62
27 29 43
27 30 14
27 31 39
27 32 57
27 33 56
27 34 86
27 35 58
27 36 16
27 37 65
27 38 31
27 39 82
27 40 74
27 41 66
27 42 65
27 43 29
27 44 68
27 45 84
27 46 17
27 47 20
27 48 20
27 49 39
27 50 62
27 51 80
27 52 46
27 53 59
27 54 20
27 55 49
27 56 90
27 57 37
27 58 12
27 59 88
27 60 61
27 61 51
27 62 66
27 63 50
27 64 88
27 65 19
27 66 64
27 67 89
27 68 43
27 69 35
27 70 11
27 71 61
27 72 67
27 73 15
27 74 20
27 75 86
27 76 75
27 77 36
27 78 60
27 79 46
27 80 60
27 81 22
27 82 82
27 83 22
27 84 25
27 85 25
27 86 31
27 87 13
27 88 30
27 89 47
27 90 67
27 91 86
27 92 76
27 93 42
27 94 75
27 95 69
27 96 49
27 97 68
27 98 75
28 1 40
28 2 27
28 3 66
28 4 31
28 5 37
28 6 77
28 7 35
28 8 70
28 9 21
28 10 12
28 11 32
28 12 76
28 13 31
28 14 75
28 15 40
28 16 30
28 17 26
28 18 48
28 19 43
28 20 70
28 21 21
28 22 15
28 23 45
28 24 44
28 25 55
28 26 73
28 27 19
28 28 55
28 29 22
28 30 20
28 31 46
28 32 52
28 33 10
28 34 36
28 35 82
28 36 46
28 37 48
28 38 87
28 39 74
28 40 82
28 41 71
28 42 79
28 43 11
28 44 59
28 45 34
28 46 15
28 47 81
28 48 50
28 49 69
28 50 78
28 51 70
28 52 47
28 53 62
28 54 12
28 55 56
28 56 80
28 57 73
28 58 50
28 59 49
28 60 48
28 61 11
28 62 13
28 63 82
28 64 67
28 65 44
28 66 30
28 67 80
28 68 28
28 69 53
28 70 41
28 71 36
28 72 65
28 73 89
28 74 24
28 75 79
28 76 73
28 77 74
28 78 86
28 79 81
28 80 73
28 81 41
28 82 75
28 83 23
28 84 16
28 85 58
28 86 56
28 87 39
28 88 77
28 89 41
28 90 28
28 91 12
28 92 70
28 93 37
28 94 26
28 95 67
28 96 54
28 97 73
28 98 79
29 1 84
29 2 53
29 3 61
29 4 62
29 5 31
29 6 11
29 7 34
29 8 19
29 9 61
29 10 81
29 11 53
29 12 14
29 13 49
29 14 76
29 15 36
29 16 57
29 17 17
29 18 64
29 19 61
29 20 76
29 21 47
29 22 48
29 23 19
29 24 83
29 25 24
29 26 72
29 27 37
29 28 32
29 29 30
29 30 75
29 31 31
29 32 80
29 33 11
29 34 59
29 35 58
29 36 54
29 37 26
29 38 37
29 39 15
29 40 10
29 41 75
29 42 74
29 43 79
29 44 74
29 45 65
29 46 36
29 47 30
29 48 67
29 49 53
29 50 69
29 51 55
29 52 33
29 53 27
29 54 42
29 55 69
29 56 55
29 57 81
29 58 55
29 59 81
29 60 54
29 61 59
29 62 65
29 63 37
29 64 84
29 65 74
29 66 87
29 67 42
29 68 53
29 69 10
29 70 89
29 71 60
29 72 73
29 73 52
29 74 75
29 75 14
29 76 78
29 77 81
29 78 13
29 79 85
29 80 37
29 81 19
29 82 58
29 83 46
29 84 77
29 85 85
29 86 23
29 87 64
29 88 11
29 89 47
29 90 36
29 91 73
29 92 18
29 93 76
29 94 68
29 95 63
29 96 23
29 97 81
29 98 33
30 1 89
30 2 40
30 3 81
30 4 42
30 5 17
30 6 29
30 7 39
30 8 40
30 9 10
30 10 13
30 11 54
30 12 57
30 13 40
30 14 40
30 15 52
30 16 42
30 17 63
30 18 66
30 19 74
30 20 77
30 21 79
30 22 17
30 23 49
30 24 85
30 25 20
30 26 45
30 27 53
30 28 18
30 29 14
30 30 66
30 31 26
30 32 13
30 33 50
30 34 47
30 35 36
30 36 69
30 37 52
30 38 56
30 39 50
30 40 25
30 41 70
30 42 23
30 43 63
30 44 30
30 45 78
30 46 39
30 47 59
30 48 54
30 49 87
30 50 10
30 51 35
30 52 25
30 53 11
30 54 65
30 55 62
30 56 38
30 57 54
30 58 26
30 59 31
30 60 72
30 61 17
30 62 28
30 63 34
30 64 25
30 65 80
30 66 55
30 67 68
30 68 17
30 69 28
30 70 23
30 71 90
30 72 52
30 73 13
30 74 10
30 75 58
30 76 65
30 77 39
30 78 58
30 79 83
30 80 89
30 81 55
30 82 26
30 83 17
30 84 45
30 85 85
30 86 19
30 87 54
30 88 23
30 89 33
30 90 70
30 91 78
30 92 38
30 93 65
30 94 51
30 95 68
30 96 85
30 97 80
30 98 41
31 1 82
31 2 63
31 3 80
31 4 69
31 5 41
31 6 32
31 7 74
31 8 45
31 9 45
31 10 13
31 11 59
31 12 77
31 13 80
31 14 90
31 15 14
31 16 28
31 17 87
31 18 51
31 19 33
31 20 36
31 21 79
31 22 35
31 23 36
31 24 59
31 25 34
31 26 64
31 27 30
31 28 80
31 29 72
31 30 27
31 31 41
31 32 25
31 33 56
31 34 86
31 35 47
31 36 44
31 37 56
31 38 73
31 39 69
31 40 46
31 41 65
31 42 90
31 43 26
31 44 49
31 45 81
31 46 45
31 47 13
31 48 11
31 49 80
31 50 48
31 51 17
31 52 66
31 53 14
31 54 79
31 55 41
31 56 65
31 57 45
31 58 81
31 59 53
31 60 59
31 61 71
31 62 62
31 63 51
31 64 76
31 65 53
31 66 17
31 67 14
31 68 31
31 69 70
31 70 10
31 71 44
31 72 49
31 73 17
31 74 72
31 75 29
31 76 80
31 77 72
31 78 13
31 79 79
31 80 20
31 81 66
31 82 38
31 83 14
31 84 27
31 85 69
31 86 68
31 87 70
31 88 74
31 89 30
31 90 17
31 91 45
31 92 71
31 93 61
31 94 34
31 95 77
31 96 51
31 97 77
31 98 43
32 1 83
32 2 48
32 3 72
32 4 55
32 5 35
32 6 87
32 7 27
32 8 49
32 9 30
32 10 30
32 11 86
32 12 66
32 13 18
32 14 44
32 15 19
32 16 57
32 17 73
32 18 90
32 19 33
32 20 23
32 21 24
32 22 86
32 23 38
32 24 30
32 25 84
32 26 24
32 27 80
32 28 41
32 29 13
32 30 57
32 31 23
32 32 60
32 33 57
32 34 16
32 35 81
32 36 23
32 37 46
32 38 69
32 39 23
32 40 51
32 41 52
32 42 49
32 43 60
32 44 48
32 45 67
32 46 45
32 47 36
32 48 50
32 49 38
32 50 77
32 51 56
32 52 43
32 53 34
32 54 52
32 55 76
32 56 81
32 57 39
32 58 24
32 59 34
32 60 53
32 61 45
32 62 75
32 63 17
32 64 61
32 65 44
32 66 66
32 67 72
32 68 46
32 69 69
32 70 24
32 71 67
32 72 81
32 73 17
32 74 67
32 75 21
32 76 46
32 77 35
32 78 78
32 79 67
32 80 15
32 81 64
32 82 71
32 83 68
32 84 73
32 85 65
32 86 75
32 87 78
32 88 83
32 89 75
32 90 49
32 91 20
32 92 72
32 93 38
32 94 89
32 95 80
32 96 19
32 97 88
32 98 16
33 1 84
33 2 50
33 3 38
33 4 57
33 5 58
33 6 69
33 7 16
33 8 70
33 9 46
33 10 21
33 11 15
33 12 15
33 13 89
33 14 43
33 15 74
33 16 39
33 17 89
33 18 32
33 19 26
33 20 75
33 21 56
33 22 17
33 23 22
33 24 58
33 25 43
33 26 28
33 27 59
33 28 53
33 29 41
33 30 38
33 31 42
33 32 47
33 33 87
33 34 33
33 35 82
33 36 15
33 37 26
33 38 53
33 39 60
33 40 39
33 41 37
33 42 20
33 43 65
33 44 90
33 45 33
33 46 72
33 47 38
33 48 46
33 49 68
33 50 13
33 51 48
33 52 19
33 53 35
33 54 90
33 55 82
33 56 50
33 57 51
33 58 70
33 59 81
33 60 49
33 61 52
33 62 78
33 63 45
33 64 20
33 65 65
33 66 13
33 67 25
33 68 83
33 69 61
33 70 29
33 71 47
33 72 43
33 73 90
33 74 34
33 75 77
33 76 62
33 77 38
33 78 84
33 79 33
33 80 38
33 81 88
33 82 45
33 83 71
33 84 42
33 85 62
33 86 66
33 87 87
33 88 26
33 89 56
33 90 31
33 91 44
33 92 68
33 93 22
33 94 82
33 95 11
33 96 15
33 97 28
33 98 79
34 1 90
34 2 58
34 3 20
34 4 29
34 5 61
34 6 63
34 7 63
34 8 58
34 9 43
34 10 44
34 11 52
34 12 34
34 13 84
34 14 24
34 15 38
34 16 15
34 17 47
34 18 64
34 19 31
34 20 32
34 21 51
34 22 63
34 23 12
34 24 83
34 25 15
34 26 12
34 27 29
34 28 45
34 29 21
34 30 43
34 31 20
34 32 40
34 33 75
34 34 37
34 35 39
34 36 33
34 37 90
34 38 83
34 39 58
34 40 17
34 41 27
34 42 69
34 43 71
34 44 65
34 45 19
34 46 28
34 47 69
34 48 32
34 49 76
34 50 71
34 51 84
34 52 87
34 53 80
34 54 60
34 55 61
34 56 19
34 57 23
34 58 38
34 59 64
34 60 19
34 61 57
34 62 63
34 63 33
34 64 18
34 65 42
34 66 26
34 67 25
34 68 58
34 69 68
34 70 90
34 71 55
34 72 76
34 73 67
34 74 78
34 75 53
34 76 50
34 77 37
34 78 85
34 79 42
34 80 41
34 81 59
34 82 61
34 83 13
34 84 41
34 85 36
34 86 75
34 87 77
34 88 39
34 89 23
34 90 83
34 91 24
34 92 10
34 93 41
34 94 56
34 95 32
34 96 60
34 97 86
34 98 87
35 1 36
35 2 48
35 3 77
35 4 82
35 5 77
35 6 69
35 7 77
35 8 36
35 9 76
35 10 34
35 11 64
35 12 75
35 13 64
35 14 25
35 15 38
35 16 23
35 17 28
35 18 19
35 19 30
35 20 35
35 21 75
35 22 32
35 23 65
35 24 39
35 25 50
35 26 50
35 27 90
35 28 88
35 29 60
35 30 49
35 31 36
35 32 76
35 33 11
35 34 80
35 35 81
35 36 39
35 37 37
35 38 29
35 39 18
35 40 52
35 41 54
35 42 36
35 43 10
35 44 43
35 45 51
35 46 15
35 47 78
35 48 16
35 49 69
35 50 28
35 51 42
35 52 31
35 53 35
35 54 36
35 55 13
35 56 45
35 57 59
35 58 63
35 59 32
35 60 57
35 61 27
35 62 67
35 63 37
35 64 76
35 65 71
35 66 21
35 67 23
35 68 42
35 69 18
35 70 83
35 71 57
35 72 12
35 73 54
35 74 42
35 75 12
35 76 63
35 77 43
35 78 30
35 79 46
35 80 72
35 81 38
35 82 67
35 83 20
35 84 54
35 85 70
35 86 19
35 87 39
35 88 59
35 89 32
35 90 82
35 91 29
35 92 49
35 93 44
35 94 66
35 95 80
35 96 25
35 97 13
35 98 55
36 1 65
36 2 49
36 3 61
36 4 86
36 5 33
36 6 78
36 7 47
36 8 51
36 9 88
36 10 84
36 11 29
36 12 78
36 13 65
36 14 45
36 15 43
36 16 47
36 17 40
36 18 39
36 19 81
36 20 85
36 21 37
36 22 58
36 23 23
36 24 66
36 25 77
36 26 55
36 27 28
36 28 40
36 29 80
36 30 34
36 31 38
36 32 82
36 33 55
36 34 90
36 35 55
36 36 30
36 37 56
36 38 44
36 39 76
36 40 38
36 41 65
36 42 36
36 43 53
36 44 52
36 45 33
36 46 24
36 47 34
36 48 76
36 49 84
36 50 12
36 51 26
36 52 10
36 53 24
36 54 29
36 55 50
36 56 50
36 57 87
36 58 60
36 59 50
36 60 29
36 61 52
36 62 13
36 63 88
36 64 69
36 65 66
36 66 63
36 67 35
36 68 30
36 69 58
36 70 87
36 71 43
36 72 67
36 73 73
36 74 29
36 75 16
36 76 39
36 77 90
36 78 36
36 79 10
36 80 28
36 81 71
36 82 70
36 83 11
36 84 81
36 85 29
36 86 16
36 87 84
36 88 80
36 89 19
36 90 34
36 91 43
36 92 80
36 93 24
36 94 86
36 95 89
36 96 63
36 97 77
36 98 69
37 1 79
37 2 29
37 3 11
37 4 35
37 5 59
37 6 20
37 7 24
37 8 35
37 9 60
37 10 61
37 11 28
37 12 40
37 13 37
37 14 87
37 15 50
37 16 30
37 17 49
37 18 82
37 19 28
37 20 45
37 21 22
37 22 41
37 23 48
37 24 47
37 25 41
37 26 67
37 27 25
37 28 82
37 29 52
37 30 29
37 31 81
37 32 28
37 33 50
37 34 38
37 35 75
37 36 74
37 37 81
37 38 51
37 39 44
37 40 34
37 41 28
37 42 89
37 43 17
37 44 89
37 45 25
37 46 10
37 47 42
37 48 51
37 49 45
37 50 37
37 51 87
37 52 70
37 53 43
37 54 86
37 55 29
37 56 64
37 57 23
37 58 48
37 59 66
37 60 62
37 61 17
37 62 54
37 63 87
37 64 83
37 65 30
37 66 27
37 67 46
37 68 32
37 69 85
37 70 23
37 71 42
37 72 78
37 73 75
37 74 69
37 75 48
37 76 44
37 77 74
37 78 21
37 79 44
37 80 50
37 81 88
37 82 61
37 83 59
37 84 80
37 85 75
37 86 39
37 87 63
37 88 50
37 89 74
37 90 40
37 91 85
37 92 18
37 93 37
37 94 78
37 95 18
37 96 48
37 97 16
37 98 86
38 1 63
38 2 47
38 3 41
38 4 63
38 5 77
38 6 13
38 7 44
38 8 32
38 9 25
38 10 49
38 11 63
38 12 12
38 13 56
38 14 88
38 15 40
38 16 79
38 17 32
38 18 34
38 19 28
38 20 81
38 21 35
38 22 74
38 23 29
38 24 33
38 25 69
38 26 66
38 27 86
38 28 66
38 29 27
38 30 61
38 31 40
38 32 77
38 33 12
38 34 52
38 35 47
38 36 26
38 37 71
38 38 58
38 39 80
38 40 85
38 41 86
38 42 54
38 43 62
38 44 12
38 45 86
38 46 24
38 47 42
38 48 33
38 49 75
38 50 55
38 51 33
38 52 39
38 53 32
38 54 71
38 55 53
38 56 62
38 57 58
38 58 19
38 59 53
38 60 51
38 61 86
38 62 20
38 63 89
38 64 10
38 65 36
38 66 34
38 67 51
38 68 44
38 69 57
38 70 30
38 71 54
38 72 29
38 73 76
38 74 10
38 75 87
38 76 35
38 77 20
38 78 66
38 79 63
38 80 45
38 81 42
38 82 35
38 83 80
38 84 20
38 85 71
38 86 14
38 87 48
38 88 49
38 89 84
38 90 49
38 91 12
38 92 66
38 93 79
38 94 48
38 95 90
38 96 80
38 97 76
38 98 80
39 1 26
39 2 59
39 3 88
39 4 74
39 5 32
39 6 80
39 7 53
39 8 64
39 9 25
39 10 47
39 11 33
39 12 70
39 13 78
39 14 34
39 15 24
39 16 28
39 17 86
39 18 23
39 19 22
39 20 43
39 21 38
39 22 44
39 23 42
39 24 25
39 25 71
39 26 53
39 27 35
39 28 18
39 29 14
39 30 13
39 31 59
39 32 24
39 33 84
39 34 58
39 35 13
39 36 59
39 37 77
39 38 25
39 39 89
39 40 75
39 41 73
39 42 45
39 43 61
39 44 61
39 45 49
39 46 41
39 47 73
39 48 58
39 49 66
39 50 36
39 51 58
39 52 70
39 53 58
39 54 50
39 55 45
39 56 52
39 57 46
39 58 88
39 59 37
39 60 75
39 61 77
39 62 78
39 63 70
39 64 47
39 65 49
39 66 47
39 67 78
39 68 82
39 69 64
39 70 37
39 71 82
39 72 45
39 73 38
39 74 16
39 75 83
39 76 27
39 77 53
39 78 40
39 79 60
39 80 32
39 81 22
39 82 53
39 83 54
39 84 70
39 85 87
39 86 79
39 87 47
39 88 40
39 89 73
39 90 69
39 91 34
39 92 82
39 93 39
39 94 31
39 95 82
39 96 11
39 97 90
39 98 33
40 1 40
40 2 25
40 3 85
40 4 57
40 5 71
40 6 82
40 7 43
40 8 56
40 9 14
40 10 83
40 11 37
40 12 23
40 13 20
40 14 16
40 15 12
40 16 34
40 17 59
40 18 49
40 19 20
40 20 24
40 21 37
40 22 88
40 23 53
40 24 11
40 25 59
40 26 19
40 27 88
40 28 49
40 29 39
40 30 14
40 31 63
40 32 14
40 33 60
40 34 89
40 35 36
40 36 14
40 37 14
40 38 23
40 39 89
40 40 28
40 41 46
40 42 66
40 43 79
40 44 78
40 45 57
40 46 29
40 47 20
40 48 68
40 49 59
40 50 12
40 51 78
40 52 58
40 53 64
40 54 29
40 55 35
40 56 62
40 57 77
40 58 48
40 59 17
40 60 47
40 61 78
40 62 41
40 63 46
40 64 78
40 65 34
40 66 87
40 67 14
40 68 25
40 69 45
40 70 42
40 71 62
40 72 71
40 73 21
40 74 46
40 75 25
40 76 23
40 77 43
40 78 20
40 79 67
40 80 90
40 81 70
40 82 74
40 83 68
40 84 69
40 85 35
40 86 53
40 87 49
40 88 15
40 89 56
40 90 57
40 91 10
40 92 81
40 93 43
40 94 60
40 95 69
40 96 39
40 97 47
40 98 30
41 1 87
41 2 47
41 3 54
41 4 72
41 5 47
41 6 85
41 7 75
41 8 29
41 9 39
41 10 85
41 11 49
41 12 55
41 13 48
41 14 45
41 15 26
41 16 32
41 17 67
41 18 90
41 19 61
41 20 89
41 21 23
41 22 67
41 23 79
41 24 63
41 25 44
41 26 23
41 27 36
41 28 56
41 29 61
41 30 12
41 31 10
41 32 34
41 33 44
41 34 51
41 35 83
41 36 28
41 37 60
41 38 43
41 39 78
41 40 14
41 41 56
41 42 54
41 43 58
41 44 32
41 45 68
41 46 42
41 47 38
41 48 80
41 49 79
41 50 60
41 51 43
41 52 24
41 53 11
41 54 18
41 55 71
41 56 75
41 57 17
41 58 82
41 59 23
41 60 87
41 61 26
41 62 33
41 63 24
41 64 76
41 65 70
41 66 62
41 67 19
41 68 69
41 69 14
41 70 69
41 71 56
41 72 37
41 73 22
41 74 23
41 75 70
41 76 65
41 77 62
41 78 38
41 79 82
41 80 66
41 81 74
41 82 66
41 83 76
41 84 69
41 85 34
41 86 45
41 87 62
41 88 22
41 89 70
41 90 41
41 91 48
41 92 30
41 93 38
41 94 14
41 95 31
41 96 55
41 97 58
41 98 27
42 1 38
42 2 39
42 3 75
42 4 18
42 5 13
42 6 55
42 7 12
42 8 84
42 9 67
42 10 21
42 11 28
42 12 39
42 13 85
42 14 35
42 15 38
42 16 78
42 17 76
42 18 49
42 19 68
42 20 49
42 21 34
42 22 25
42 23 52
42 24 60
42 25 66
42 26 33
42 27 27
42 28 79
42 29 54
42 30 44
42 31 19
42 32 89
42 33 90
42 34 11
42 35 22
42 36 71
42 37 26
42 38 10
42 39 57
42 40 11
42 41 38
42 42 36
42 43 66
42 44 32
42 45 24
42 46 39
42 47 75
42 48 24
42 49 46
42 50 38
42 51 76
42 52 24
42 53 63
42 54 39
42 55 90
42 56 57
42 57 55
42 58 61
42 59 56
42 60 51
42 61 45
42 62 89
42 63 33
42 64 28
42 65 40
42 66 11
42 67 70
42 68 69
42 69 81
42 70 44
42 71 84
42 72 27
42 73 32
42 74 64
42 75 55
42 76 37
42 77 75
42 78 11
42 79 48
42 80 30
42 81 82
42 82 86
42 83 68
42 84 84
42 85 24
42 86 67
42 87 57
42 88 44
42 89 61
42 90 90
42 91 88
42 92 86
42 93 68
42 94 58
42 95 46
42 96 50
42 97 27
42 98 78
43 1 37
43 2 83
43 3 57
43 4 63
43 5 59
43 6 24
43 7 57
43 8 46
43 9 34
43 10 39
43 11 14
43 12 36
43 13 26
43 14 57
43 15 31
43 16 10
43 17 55
43 18 85
43 19 51
43 20 32
43 21 39
43 22 63
43 23 10
43 24 83
43 25 51
43 26 86
43 27 40
43 28 64
43 29 17
43 30 74
43 31 57
43 32 54
43 33 22
43 34 85
43 35 76
43 36 35
43 37 76
43 38 23
43 39 40
43 40 73
43 41 17
43 42 13
43 43 37
43 44 37
43 45 17
43 46 71
43 47 13
43 48 28
43 49 41
43 50 11
43 51 77
43 52 46
43 53 25
43 54 15
43 55 75
43 56 24
43 57 71
43 58 41
43 59 82
43 60 44
43 61 64
43 62 77
43 63 78
43 64 49
43 65 51
43 66 50
43 67 83
43 68 81
43 69 38
43 70 14
43 71 41
43 72 73
43 73 65
43 74 19
43 75 41
43 76 51
43 77 36
43 78 26
43 79 16
43 80 11
43 81 40
43 82 50
43 83 64
43 84 21
43 85 12
43 86 31
43 87 74
43 88 66
43 89 36
43 90 40
43 91 58
43 92 41
43 93 89
43 94 59
43 95 17
43 96 76
43 97 44
43 98 21
44 1 51
44 2 11
44 3 29
44 4 43
44 5 65
44 6 57
44 7 66
44 8 42
44 9 80
44 10 13
44 11 39
44 12 20
44 13 64
44 14 50
44 15 67
44 16 76
44 17 74
44 18 67
44 19 40
44 20 76
44 21 29
44 22 17
44 23 24
44 24 14
44 25 44
44 26 81
44 27 61
44 28 38
44 29 43
44 30 78
44 31 35
44 32 53
44 33 39
44 34 75
44 35 18
44 36 76
44 37 29
44 38 64
44 39 32
44 40 26
44 41 43
44 42 69
44 43 64
44 44 51
44 45 35
44 46 36
44 47 80
44 48 62
44 49 17
44 50 60
44 51 71
44 52 39
44 53 41
44 54 56
44 55 20
44 56 80
44 57 13
44 58 18
44 59 18
44 60 71
44 61 84
44 62 60
44 63 82
44 64 43
44 65 32
44 66 62
44 67 34
44 68 39
44 69 77
44 70 67
44 71 20
44 72 37
44 73 38
44 74 65
44 75 56
44 76 86
44 77 40
44 78 86
44 79 42
44 80 27
44 81 70
44 82 62
44 83 27
44 84 72
44 85 85
44 86 36
44 87 60
44 88 85
44 89 74
44 90 24
44 91 67
44 92 22
44 93 30
44 94 77
44 95 66
44 96 77
44 97 71
44 98 24
45 1 19
45 2 59
45 3 11
45 4 66
45 5 14
45 6 77
45 7 14
45 8 46
45 9 25
45 10 12
45 11 10
45 12 82
45 13 46
45 14 39
45 15 56
45 16 24
45 17 88
45 18 24
45 19 63
45 20 21
45 21 20
45 22 12
45 23 42
45 24 14
45 25 13
45 26 43
45 27 50
45 28 70
45 29 66
45 30 31
45 31 19
45 32 80
45 33 61
45 34 10
45 35 26
45 36 77
45 37 41
45 38 20
45 39 78
45 40 67
45 41 68
45 42 87
45 43 54
45 44 58
45 45 62
45 46 79
45 47 81
45 48 44
45 49 88
45 50 40
45 51 64
45 52 79
45 53 55
45 54 37
45 55 31
45 56 22
45 57 77
45 58 33
45 59 87
45 60 21
45 61 82
45 62 82
45 63 47
45 64 46
45 65 42
45 66 51
45 67 56
45 68 78
45 69 66
45 70 17
45 71 77
45 72 66
45 73 70
45 74 65
45 75 45
45 76 33
45 77 19
45 78 61
45 79 75
45 80 71
45 81 41
45 82 21
45 83 66
45 84 90
45 85 52
45 86 72
45 87 36
45 88 43
45 89 36
45 90 39
45 91 63
45 92 40
45 93 11
45 94 70
45 95 67
45 96 67
45 97 87
45 98 61
46 1 21
46 2 73
46 3 60
46 4 86
46 5 26
46 6 36
46 7 73
46 8 80
46 9 52
46 10 59
46 11 11
46 12 37
46 13 37
46 14 41
46 15 73
46 16 78
46 17 46
46 18 79
46 19 76
46 20 59
46 21 24
46 22 67
46 23 26
46 24 51
46 25 10
46 26 87
46 27 76
46 28 30
46 29 52
46 30 35
46 31 10
46 32 32
46 33 55
46 34 30
46 35 20
46 36 86
46 37 18
46 38 17
46 39 41
46 40 45
46 41 35
46 42 14
46 43 84
46 44 51
46 45 63
46 46 52
46 47 54
46 48 28
46 49 88
46 50 26
46 51 62
46 52 62
46 53 34
46 54 89
46 55 42
46 56 72
46 57 77
46 58 16
46 59 55
46 60 36
46 61 64
46 62 81
46 63 20
46 64 19
46 65 42
46 66 52
46 67 64
46 68 89
46 69 59
46 70 89
46 71 54
46 72 10
46 73 54
46 74 57
46 75 72
46 76 56
46 77 56
46 78 26
46 79 79
46 80 24
46 81 35
46 82 80
46 83 25
46 84 66
46 85 72
46 86 54
46 87 25
46 88 30
46 89 19
46 90 66
46 91 89
46 92 86
46 93 35
46 94 30
46 95 21
46 96 54
46 97 15
46 98 45
47 1 72
47 2 54
47 3 24
47 4 62
47 5 74
47 6 49
47 7 90
47 8 69
47 9 54
47 10 10
47 11 27
47 12 58
47 13 67
47 14 40
47 15 68
47 16 65
47 17 30
47 18 86
47 19 42
47 20 24
47 21 82
47 22 11
47 23 89
47 24 71
47 25 58
47 26 10
47 27 49
47 28 84
47 29 59
47 30 22
47 31 65
47 32 16
47 33 58
47 34 81
47 35 81
47 36 24
47 37 60
47 38 88
47 39 17
47 40 62
47 41 46
47 42 55
47 43 41
47 44 40
47 45 26
47 46 24
47 47 65
47 48 69
47 49 70
47 50 60
47 51 19
47 52 66
47 53 72
47 54 80
47 55 69
47 56 39
47 57 66
47 58 44
47 59 60
47 60 28
47 61 43
47 62 74
47 63 44
47 64 33
47 65 77
47 66 47
47 67 30
47 68 59
47 69 48
47 70 80
47 71 42
47 72 62
47 73 32
47 74 39
47 75 36
47 76 15
47 77 82
47 78 46
47 79 38
47 80 39
47 81 59
47 82 10
47 83 48
47 84 53
47 85 38
47 86 82
47 87 73
47 88 53
47 89 89
47 90 46
47 91 27
47 92 89
47 93 79
47 94 24
47 95 13
47 96 12
47 97 27
47 98 54
48 1 59
48 2 30
48 3 14
48 4 63
48 5 56
48 6 55
48 7 51
48 8 25
48 9 40
48 10 21
48 11 41
48 12 42
48 13 24
48 14 54
48 15 25
48 16 30
48 17 72
48 18 48
48 19 21
48 20 85
48 21 49
48 22 51
48 23 90
48 24 30
48 25 89
48 26 57
48 27 87
48 28 33
48 29 82
48 30 81
48 31 54
48 32 68
48 33 39
48 34 59
48 35 50
48 36 50
48 37 11
48 38 20
48 39 88
48 40 26
48 41 27
48 42 52
48 43 14
48 44 41
48 45 49
48 46 35
48 47 83
48 48 43
48 49 27
48 50 10
48 51 44
48 52 88
48 53 50
48 54 80
48 55 79
48 56 79
48 57 31
48 58 51
48 59 62
48 60 17
48 61 57
48 62 50
48 63 10
48 64 80
48 65 12
48 66 48
48 67 43
48 68 64
48 69 12
48 70 10
48 71 16
48 72 20
48 73 81
48 74 14
48 75 50
48 76 25
48 77 71
48 78 48
48 79 48
48 80 28
48 81 18
48 82 73
48 83 58
48 84 69
48 85 37
48 86 26
48 87 18
48 88 65
48 89 81
48 90 30
48 91 47
48 92 37
48 93 55
48 94 49
48 95 64
48 96 39
48 97 83
48 98 73
49 1 19
49 2 84
49 3 74
49 4 60
49 5 18
49 6 72
49 7 85
49 8 24
49 9 44
49 10 57
49 11 57
49 12 39
49 13 26
49 14 30
49 15 72
49 16 41
49 17 74
49 18 26
49 19 15
49 20 84
49 21 46
49 22 40
49 23 57
49 24 33
49 25 75
49 26 27
49 27 87
49 28 42
49 29 77
49 30 83
49 31 66
49 32 41
49 33 81
49 34 51
49 35 57
49 36 67
49 37 39
49 38 87
49 39 83
49 40 20
49 41 61
49 42 82
49 43 31
49 44 34
49 45 45
49 46 84
49 47 85
49 48 57
49 49 59
49 50 18
49 51 38
49 52 11
49 53 37
49 54 35
49 55 42
49 56 18
49 57 28
49 58 87
49 59 46
49 60 17
49 61 27
49 62 16
49 63 29
49 64 55
49 65 70
49 66 10
49 67 85
49 68 82
49 69 61
49 70 43
49 71 11
49 72 78
49 73 10
49 74 46
49 75 10
49 76 67
49 77 73
49 78 46
49 79 52
49 80 12
49 81 69
49 82 10
49 83 28
49 84 24
49 85 50
49 86 88
49 87 74
49 88 73
49 89 38
49 90 10
49 91 42
49 92 11
49 93 48
49 94 63
49 95 47
49 96 89
49 97 17
49 98 58
50 1 73
50 2 61
50 3 49
50 4 30
50 5 51
50 6 57
50 7 88
50 8 24
50 9 23
50 10 28
50 11 22
50 12 63
50 13 38
50 14 32
50 15 40
50 16 29
50 17 13
50 18 41
50 19 51
50 20 76
50 21 45
50 22 18
50 23 33
50 24 80
50 25 40
50 26 13
50 27 81
50 28 79
50 29 66
50 30 75
50 31 42
50 32 11
50 33 47
50 34 26
50 35 14
50 36 40
50 37 14
50 38 74
50 39 35
50 40 34
50 41 10
50 42 10
50 43 82
50 44 65
50 45 33
50 46 14
50 47 55
50 48 28
50 49 89
50 50 76
50 51 12
50 52 10
50 53 12
50 54 29
50 55 42
50 56 67
50 57 66
50 58 77
50 59 22
50 60 27
50 61 63
50 62 51
50 63 75
50 64 54
50 65 58
50 66 61
50 67 38
50 68 88
50 69 55
50 70 32
50 71 15
50 72 85
50 73 67
50 74 25
50 75 17
50 76 58
50 77 75
50 78 12
50 79 64
50 80 53
50 81 26
50 82 74
50 83 54
50 84 16
50 85 79
50 86 40
50 87 43
50 88 66
50 89 55
50 90 12
50 91 12
50 92 53
50 93 27
50 94 86
50 95 67
50 96 84
50 97 49
50 98 35
51 1 89
51 2 37
51 3 72
51 4 56
51 5 36
51 6 66
51 7 79
51 8 38
51 9 50
51 10 32
51 11 67
51 12 64
51 13 63
51 14 16
51 15 88
51 16 64
51 17 73
51 18 74
51 19 50
51 20 18
51 21 42
51 22 52
51 23 19
51 24 42
51 25 71
51 26 66
51 27 18
51 28 10
51 29 65
51 30 48
51 31 79
51 32 51
51 33 10
51 34 38
51 35 26
51 36 23
51 37 29
51 38 10
51 39 20
51 40 85
51 41 66
51 42 54
51 43 18
51 44 75
51 45 33
51 46 61
51 47 75
51 48 70
51 49 46
51 50 83
51 51 86
51 52 63
51 53 70
51 54 61
51 55 24
51 56 77
51 57 25
51 58 15
51 59 73
51 60 81
51 61 84
51 62 63
51 63 76
51 64 16
51 65 55
51 66 86
51 67 90
51 68 66
51 69 78
51 70 60
51 71 46
51 72 38
51 73 13
51 74 46
51 75 82
51 76 20
51 77 58
51 78 36
51 79 79
51 80 60
51 81 57
51 82 62
51 83 88
51 84 80
51 85 88
51 86 17
51 87 11
51 88 68
51 89 54
51 90 25
51 91 48
51 92 29
51 93 87
51 94 44
51 95 30
51 96 11
51 97 26
51 98 78
52 1 74
52 2 22
52 3 28
52 4 71
52 5 53
52 6 47
52 7 17
52 8 76
52 9 49
52 10 78
52 11 19
52 12 24
52 13 60
52 14 64
52 15 86
52 16 81
52 17 82
52 18 25
52 19 48
52 20 16
52 21 17
52 22 15
52 23 81
52 24 43
52 25 83
52 26 38
52 27 85
52 28 38
52 29 86
52 30 37
52 31 25
52 32 22
52 33 54
52 34 14
52 35 39
52 36 71
52 37 34
52 38 60
52 39 42
52 40 23
52 41 10
52 42 30
52 43 16
52 44 33
52 45 36
52 46 77
52 47 29
52 48 25
52 49 77
52 50 69
52 51 71
52 52 62
52 53 85
52 54 67
52 55 59
52 56 83
52 57 74
52 58 76
52 59 25
52 60 59
52 61 65
52 62 31
52 63 67
52 64 36
52 65 10
52 66 66
52 67 38
52 68 49
52 69 63
52 70 70
52 71 73
52 72 87
52 73 38
52 74 65
52 75 74
52 76 37
52 77 20
52 78 28
52 79 60
52 80 71
52 81 89
52 82 41
52 83 55
52 84 79
52 85 37
52 86 62
52 87 23
52 88 69
52 89 46
52 90 19
52 91 71
52 92 85
52 93 81
52 94 18
52 95 32
52 96 55
52 97 79
52 98 87
53 1 65
53 2 54
53 3 86
53 4 82
53 5 68
53 6 33
53 7 69
53 8 33
53 9 46
53 10 83
53 11 20
53 12 38
53 13 61
53 14 29
53 15 78
53 16 71
53 17 88
53 18 14
53 19 75
53 20 50
53 21 11
53 22 31
53 23 42
53 24 52
53 25 60
53 26 86
53 27 52
53 28 31
53 29 18
53 30 46
53 31 90
53 32 79
53 33 43
53 34 77
53 35 18
53 36 61
53 37 29
53 38 73
53 39 18
53 40 10
53 41 58
53 42 33
53 43 44
53 44 43
53 45 13
53 46 82
53 47 28
53 48 25
53 49 18
53 50 62
53 51 84
53 52 78
53 53 40
53 54 19
53 55 12
53 56 53
53 57 28
53 58 23
53 59 43
53 60 11
53 61 31
53 62 18
53 63 35
53 64 27
53 65 43
53 66 45
53 67 27
53 68 67
53 69 15
53 70 21
53 71 71
53 72 24
53 73 12
53 74 62
53 75 42
53 76 37
53 77 48
53 78 34
53 79 88
53 80 72
53 81 26
53 82 33
53 83 32
53 84 64
53 85 32
53 86 45
53 87 13
53 88 70
53 89 10
53 90 67
53 91 24
53 92 29
53 93 68
53 94 56
53 95 25
53 96 75
53 97 76
53 98 49
54 1 65
54 2 59
54 3 16
54 4 62
54 5 15
54 6 14
54 7 54
54 8 18
54 9 50
54 10 85
54 11 88
54 12 47
54 13 28
54 14 64
54 15 69
54 16 72
54 17 54
54 18 81
54 19 38
54 20 32
54 21 50
54 22 52
54 23 27
54 24 32
54 25 82
54 26 36
54 27 17
54 28 13
54 29 33
54 30 71
54 31 24
54 32 50
54 33 25
54 34 59
54 35 26
54 36 64
54 37 74
54 38 81
54 39 22
54 40 19
54 41 84
54 42 12
54 43 30
54 44 88
54 45 25
54 46 74
54 47 30
54 48 27
54 49 63
54 50 29
54 51 73
54 52 31
54 53 84
54 54 75
54 55 88
54 56 27
54 57 73
54 58 33
54 59 80
54 60 50
54 61 53
54 62 61
54 63 74
54 64 71
54 65 13
54 66 63
54 67 29
54 68 20
54 69 40
54 70 79
54 71 38
54 72 10
54 73 75
54 74 53
54 75 73
54 76 66
54 77 30
54 78 70
54 79 32
54 80 25
54 81 51
54 82 74
54 83 89
54 84 54
54 85 84
54 86 58
54 87 31
54 88 67
54 89 53
54 90 41
54 91 26
54 92 12
54 93 26
54 94 22
54 95 41
54 96 55
54 97 83
54 98 48
55 1 37
55 2 37
55 3 47
55 4 27
55 5 88
55 6 66
55 7 64
55 8 27
55 9 10
55 10 34
55 11 84
55 12 40
55 13 49
55 14 43
55 15 39
55 16 15
55 17 25
55 18 10
55 19 33
55 20 83
55 21 70
55 22 47
55 23 23
55 24 23
55 25 69
55 26 19
55 27 70
55 28 14
55 29 77
55 30 79
55 31 63
55 32 24
55 33 21
55 34 21
55 35 39
55 36 79
55 37 79
55 38 16
55 39 87
55 40 22
55 41 68
55 42 17
55 43 34
55 44 41
55 45 76
55 46 11
55 47 78
55 48 54
55 49 57
55 50 52
55 51 86
55 52 80
55 53 41
55 54 53
55 55 37
55 56 69
55 57 61
55 58 50
55 59 74
55 60 78
55 61 87
55 62 56
55 63 76
55 64 35
55 65 14
55 66 50
55 67 45
55 68 15
55 69 32
55 70 11
55 71 65
55 72 84
55 73 27
55 74 71
55 75 20
55 76 21
55 77 36
55 78 26
55 79 73
55 80 25
55 81 22
55 82 28
55 83 36
55 84 81
55 85 14
55 86 23
55 87 64
55 88 58
55 89 50
55 90 20
55 91 27
55 92 30
55 93 37
55 94 86
55 95 37
55 96 89
55 97 16
55 98 64
56 1 72
56 2 76
56 3 25
56 4 55
56 5 64
56 6 40
56 7 81
56 8 11
56 9 89
56 10 82
56 11 49
56 12 71
56 13 74
56 14 50
56 15 12
56 16 53
56 17 65
56 18 55
56 19 28
56 20 89
56 21 37
56 22 15
56 23 46
56 24 36
56 25 72
56 26 49
56 27 81
56 28 34
56 29 29
56 30 43
56 31 32
56 32 88
56 33 63
56 34 63
56 35 69
56 36 83
56 37 17
56 38 38
56 39 53
56 40 53
56 41 71
56 42 50
56 43 46
56 44 68
56 45 79
56 46 47
56 47 53
56 48 78
56 49 73
56 50 85
56 51 17
56 52 85
56 53 53
56 54 73
56 55 48
56 56 23
56 57 32
56 58 73
56 59 77
56 60 77
56 61 83
56 62 22
56 63 51
56 64 38
56 65 19
56 66 17
56 67 15
56 68 11
56 69 56
56 70 55
56 71 12
56 72 57
56 73 81
56 74 28
56 75 36
56 76 53
56 77 84
56 78 43
56 79 43
56 80 15
56 81 14
56 82 65
56 83 20
56 84 72
56 85 25
56 86 70
56 87 15
56 88 87
56 89 49
56 90 65
56 91 67
56 92 89
56 93 69
56 94 84
56 95 38
56 96 70
56 97 68
56 98 45
57 1 88
57 2 40
57 3 27
57 4 78
57 5 32
57 6 14
57 7 33
57 8 25
57 9 42
57 10 89
57 11 79
57 12 59
57 13 22
57 14 75
57 15 62
57 16 20
57 17 21
57 18 52
57 19 74
57 20 69
57 21 18
57 22 18
57 23 83
57 24 25
57 25 20
57 26 36
57 27 67
57 28 55
57 29 52
57 30 87
57 31 39
57 32 17
57 33 70
57 34 82
57 35 50
57 36 18
57 37 23
57 38 79
57 39 66
57 40 41
57 41 53
57 42 17
57 43 79
57 44 16
57 45 37
57 46 25
57 47 10
57 48 61
57 49 40
57 50 20
57 51 44
57 52 14
57 53 88
57 54 13
57 55 46
57 56 19
57 57 13
57 58 76
57 59 69
57 60 62
57 61 85
57 62 14
57 63 65
57 64 38
57 65 46
57 66 71
57 67 54
57 68 32
57 69 16
57 70 21
57 71 46
57 72 75
57 73 76
57 74 29
57 75 31
57 76 68
57 77 39
57 78 46
57 79 69
57 80 58
57 81 36
57 82 14
57 83 65
57 84 51
57 85 64
57 86 19
57 87 23
57 88 51
57 89 76
57 90 55
57 91 23
57 92 87
57 93 15
57 94 90
57 95 21
57 96 67
57 97 84
57 98 79
58 1 51
58 2 87
58 3 17
58 4 89
58 5 51
58 6 15
58 7 83
58 8 49
58 9 33
58 10 83
58 11 11
58 12 77
58 13 56
58 14 12
58 15 79
58 16 59
58 17 49
58 18 23
58 19 54
58 20 46
58 21 41
58 22 34
58 23 39
58 24 42
58 25 57
58 26 84
58 27 21
58 28 82
58 29 16
58 30 58
58 31 34
58 32 60
58 33 65
58 34 79
58 35 57
58 36 37
58 37 67
58 38 49
58 39 39
58 40 70
58 41 85
58 42 36
58 43 81
58 44 58
58 45 38
58 46 14
58 47 45
58 48 49
58 49 62
58 50 15
58 51 28
58 52 26
58 53 59
58 54 56
58 55 43
58 56 87
58 57 69
58 58 11
58 59 17
58 60 66
58 61 85
58 62 70
58 63 49
58 64 22
58 65 76
58 66 62
58 67 68
58 68 65
58 69 74
58 70 17
58 71 43
58 72 84
58 73 38
58 74 88
58 75 84
58 76 52
58 77 15
58 78 67
58 79 60
58 80 27
58 81 19
58 82 32
58 83 22
58 84 21
58 85 69
58 86 48
58 87 11
58 88 90
58 89 47
58 90 23
58 91 29
58 92 74
58 93 59
58 94 88
58 95 13
58 96 87
58 97 22
58 98 73
59 1 28
59 2 17
59 3 21
59 4 56
59 5 86
59 6 40
59 7 69
59 8 20
59 9 14
59 10 24
59 11 75
59 12 39
59 13 29
59 14 77
59 15 42
59 16 69
59 17 48
59 18 76
59 19 40
59 20 30
59 21 21
59 22 34
59 23 77
59 24 31
59 25 55
59 26 35
59 27 50
59 28 10
59 29 78
59 30 14
59 31 52
59 32 40
59 33 12
59 34 43
59 35 30
59 36 44
59 37 55
59 38 50
59 39 86
59 40 41
59 41 67
59 42 39
59 43 19
59 44 87
59 45 53
59 46 21
59 47 72
59 48 13
59 49 19
59 50 30
59 51 89
59 52 10
59 53 89
59 54 54
59 55 79
59 56 76
59 57 19
59 58 68
59 59 87
59 60 60
59 61 26
59 62 35
59 63 35
59 64 16
59 65 61
59 66 60
59 67 43
59 68 28
59 69 89
59 70 61
59 71 28
59 72 76
59 73 27
59 74 86
59 75 51
59 76 15
59 77 57
59 78 16
59 79 67
59 80 33
59 81 57
59 82 31
59 83 52
59 84 77
59 85 13
59 86 36
59 87 62
59 88 74
59 89 54
59 90 48
59 91 75
59 92 58
59 93 72
59 94 76
59 95 89
59 96 69
59 97 34
59 98 57
60 1 34
60 2 36
60 3 67
60 4 18
60 5 81
60 6 35
60 7 42
60 8 82
60 9 42
60 10 74
60 11 38
60 12 53
60 13 41
60 14 11
60 15 27
60 16 89
60 17 28
60 18 30
60 19 25
60 20 28
60 21 60
60 22 29
60 23 29
60 24 22
60 25 22
60 26 69
60 27 31
60 28 32
60 29 47
60 30 40
60 31 12
60 32 46
60 33 61
60 34 27
60 35 51
60 36 85
60 37 22
60 38 79
60 39 10
60 40 76
60 41 18
60 42 18
60 43 73
60 44 46
60 45 31
60 46 73
60 47 79
60 48 17
60 49 87
60 50 62
60 51 33
60 52 58
60 53 77
60 54 60
60 55 88
60 56 57
60 57 79
60 58 89
60 59 74
60 60 48
60 61 58
60 62 41
60 63 11
60 64 86
60 65 55
60 66 83
60 67 72
60 68 46
60 69 65
60 70 62
60 71 65
60 72 83
60 73 58
60 74 83
60 75 12
60 76 65
60 77 46
60 78 76
60 79 17
60 80 25
60 81 82
60 82 51
60 83 12
60 84 37
60 85 13
60 86 89
60 87 17
60 88 71
60 89 84
60 90 76
60 91 24
60 92 38
60 93 75
60 94 59
60 95 25
60 96 56
60 97 54
60 98 31
61 1 18
61 2 68
61 3 62
61 4 78
61 5 43
61 6 60
61 7 90
61 8 70
61 9 63
61 10 59
61 11 49
61 12 11
61 13 45
61 14 29
61 15 13
61 16 40
61 17 75
61 18 59
61 19 53
61 20 35
61 21 58
61 22 83
61 23 80
61 24 69
61 25 79
61 26 52
61 27 48
61 28 25
61 29 52
61 30 65
61 31 68
61 32 56
61 33 15
61 34 79
61 35 49
61 36 65
61 37 13
61 38 32
61 39 61
61 40 35
61 41 38
61 42 40
61 43 43
61 44 25
61 45 75
61 46 66
61 47 67
61 48 88
61 49 67
61 50 71
61 51 73
61 52 32
61 53 34
61 54 43
61 55 40
61 56 22
61 57 63
61 58 88
61 59 57
61 60 85
61 61 54
61 62 40
61 63 76
61 64 82
61 65 45
61 66 59
61 67 71
61 68 62
61 69 52
61 70 71
61 71 78
61 72 32
61 73 22
61 74 33
61 75 82
61 76 61
61 77 47
61 78 25
61 79 17
61 80 47
61 81 65
61 82 90
61 83 52
61 84 87
61 85 40
61 86 46
61 87 86
61 88 20
61 89 31
61 90 56
61 91 13
61 92 88
61 93 26
61 94 53
61 95 70
61 96 54
61 97 39
61 98 46
62 1 28
62 2 84
62 3 50
62 4 56
62 5 90
62 6 49
62 7 39
62 8 47
62 9 84
62 10 85
62 11 66
62 12 20
62 13 21
62 14 60
62 15 15
62 16 74
62 17 42
62 18 42
62 19 44
62 20 37
62 21 25
62 22 46
62 23 77
62 24 64
62 25 65
62 26 81
62 27 20
62 28 63
62 29 27
62 30 59
62 31 68
62 32 65
62 33 69
62 34 78
62 35 61
62 36 38
62 37 89
62 38 28
62 39 52
62 40 21
62 41 34
62 42 73
62 43 13
62 44 37
62 45 54
62 46 85
62 47 32
62 48 65
62 49 81
62 50 56
62 51 54
62 52 40
62 53 69
62 54 89
62 55 86
62 56 62
62 57 30
62 58 30
62 59 72
62 60 76
62 61 15
62 62 36
62 63 75
62 64 40
62 65 24
62 66 37
62 67 67
62 68 68
62 69 25
62 70 22
62 71 64
62 72 52
62 73 41
62 74 27
62 75 63
62 76 62
62 77 41
62 78 17
62 79 68
62 80 89
62 81 54
62 82 79
62 83 88
62 84 10
62 85 71
62 86 49
62 87 36
62 88 59
62 89 78
62 90 24
62 91 83
62 92 51
62 93 16
62 94 49
62 95 74
62 96 53
62 97 65
62 98 60
63 1 46
63 2 12
63 3 51
63 4 68
63 5 22
63 6 72
63 7 26
63 8 82
63 9 67
63 10 19
63 11 88
63 12 68
63 13 13
63 14 86
63 15 32
63 16 38
63 17 67
63 18 18
63 19 37
63 20 77
63 21 87
63 22 20
63 23 51
63 24 47
63 25 80
63 26 90
63 27 57
63 28 50
63 29 69
63 30 22
63 31 40
63 32 45
63 33 90
63 34 15
63 35 12
63 36 79
63 37 28
63 38 31
63 39 54
63 40 10
63 41 31
63 42 83
63 43 25
63 44 55
63 45 42
63 46 89
63 47 36
63 48 39
63 49 10
63 50 34
63 51 84
63 52 49
63 53 57
63 54 51
63 55 26
63 56 77
63 57 55
63 58 53
63 59 64
63 60 87
63 61 63
63 62 16
63 63 46
63 64 80
63 65 32
63 66 63
63 67 60
63 68 53
63 69 62
63 70 38
63 71 78
63 72 67
63 73 57
63 74 23
63 75 52
63 76 35
63 77 52
63 78 76
63 79 85
63 80 66
63 81 38
63 82 71
63 83 28
63 84 90
63 85 23
63 86 73
63 87 45
63 88 30
63 89 59
63 90 81
63 91 39
63 92 32
63 93 50
63 94 33
63 95 41
63 96 17
63 97 90
63 98 29
64 1 80
64 2 29
64 3 35
64 4 68
64 5 84
64 6 86
64 7 32
64 8 65
64 9 56
64 10 80
64 11 32
64 12 15
64 13 90
64 14 24
64 15 37
64 16 71
64 17 48
64 18 89
64 19 58
64 20 65
64 21 82
64 22 59
64 23 78
64 24 54
64 25 22
64 26 47
64 27 21
64 28 12
64 29 14
64 30 43
64 31 18
64 32 49
64 33 33
64 34 24
64 35 70
64 36 15
64 37 42
64 38 25
64 39 88
64 40 90
64 41 59
64 42 44
64 43 59
64 44 18
64 45 44
64 46 57
64 47 78
64 48 28
64 49 83
64 50 62
64 51 29
64 52 48
64 53 65
64 54 10
64 55 78
64 56 78
64 57 57
64 58 88
64 59 67
64 60 59
64 61 71
64 62 29
64 63 47
64 64 70
64 65 83
64 66 26
64 67 39
64 68 65
64 69 77
64 70 18
64 71 89
64 72 61
64 73 79
64 74 19
64 75 14
64 76 73
64 77 18
64 78 40
64 79 53
64 80 29
64 81 17
64 82 85
64 83 16
64 84 32
64 85 61
64 86 34
64 87 27
64 88 30
64 89 18
64 90 68
64 91 54
64 92 88
64 93 27
64 94 32
64 95 18
64 96 18
64 97 74
64 98 18
65 1 67
65 2 84
65 3 50
65 4 59
65 5 68
65 6 68
65 7 69
65 8 28
65 9 26
65 10 50
65 11 55
65 12 41
65 13 13
65 14 20
65 15 78
65 16 14
65 17 81
65 18 38
65 19 44
65 20 71
65 21 80
65 22 81
65 23 44
65 24 82
65 25 65
65 26 40
65 27 71
65 28 55
65 29 71
65 30 80
65 31 45
65 32 15
65 33 59
65 34 50
65 35 67
65 36 84
65 37 16
65 38 45
65 39 62
65 40 29
65 41 29
65 42 78
65 43 21
65 44 82
65 45 30
65 46 80
65 47 10
65 48 89
65 49 33
65 50 56
65 51 64
65 52 58
65 53 11
65 54 65
65 55 68
65 56 38
65 57 49
65 58 69
65 59 67
65 60 21
65 61 71
65 62 16
65 63 15
65 64 32
65 65 40
65 66 28
65 67 25
65 68 17
65 69 72
65 70 39
65 71 63
65 72 19
65 73 89
65 74 87
65 75 28
65 76 19
65 77 23
65 78 14
65 79 15
65 80 14
65 81 48
65 82 48
65 83 87
65 84 41
65 85 66
65 86 42
65 87 82
65 88 58
65 89 54
65 90 46
65 91 83
65 92 26
65 93 22
65 94 24
65 95 58
65 96 82
65 97 15
65 98 26
66 1 22
66 2 84
66 3 35
66 4 45
66 5 63
66 6 39
66 7 86
66 8 83
66 9 18
66 10 79
66 11 23
66 12 11
66 13 73
66 14 16
66 15 63
66 16 13
66 17 80
66 18 81
66 19 36
66 20 86
66 21 48
66 22 32
66 23 64
66 24 90
66 25 45
66 26 56
66 27 76
66 28 44
66 29 56
66 30 82
66 31 50
66 32 67
66 33 28
66 34 13
66 35 46
66 36 87
66 37 65
66 38 75
66 39 34
66 40 60
66 41 27
66 42 79
66 43 72
66 44 88
66 45 20
66 46 90
66 47 36
66 48 44
66 49 79
66 50 57
66 51 68
66 52 88
66 53 65
66 54 42
66 55 67
66 56 17
66 57 29
66 58 52
66 59 27
66 60 16
66 61 42
66 62 23
66 63 63
66 64 13
66 65 64
66 66 22
66 67 51
66 68 45
66 69 50
66 70 83
66 71 32
66 72 23
66 73 74
66 74 57
66 75 36
66 76 50
66 77 25
66 78 53
66 79 74
66 80 20
66 81 12
66 82 46
66 83 10
66 84 71
66 85 88
66 86 66
66 87 16
66 88 78
66 89 87
66 90 72
66 91 80
66 92 38
66 93 45
66 94 16
66 95 69
66 96 87
66 97 35
66 98 31
67 1 77
67 2 89
67 3 67
67 4 65
67 5 41
67 6 40
67 7 45
67 8 43
67 9 13
67 10 25
67 11 71
67 12 33
67 13 42
67 14 34
67 15 80
67 16 16
67 17 19
67 18 41
67 19 53
67 20 19
67 21 45
67 22 22
67 23 74
67 24 35
67 25 47
67 26 80
67 27 21
67 28 57
67 29 17
67 30 22
67 31 24
67 32 21
67 33 13
67 34 67
67 35 61
67 36 68
67 37 35
67 38 35
67 39 44
67 40 89
67 41 30
67 42 67
67 43 42
67 44 48
67 45 76
67 46 89
67 47 52
67 48 44
67 49 42
67 50 38
67 51 90
67 52 29
67 53 37
67 54 61
67 55 16
67 56 50
67 57 71
67 58 43
67 59 41
67 60 62
67 61 51
67 62 43
67 63 81
67 64 67
67 65 54
67 66 63
67 67 45
67 68 53
67 69 44
67 70 32
67 71 30
67 72 51
67 73 73
67 74 28
67 75 19
67 76 12
67 77 72
67 78 35
67 79 86
67 80 31
67 81 52
67 82 72
67 83 83
67 84 55
67 85 47
67 86 28
67 87 66
67 88 82
67 89 89
67 90 76
67 91 55
67 92 40
67 93 21
67 94 37
67 95 19
67 96 47
67 97 68
67 98 35
68 1 67
68 2 31
68 3 56
68 4 12
68 5 79
68 6 62
68 7 79
68 8 31
68 9 16
68 10 28
68 11 34
68 12 68
68 13 54
68 14 39
68 15 48
68 16 14
68 17 51
68 18 77
68 19 15
68 20 75
68 21 47
68 22 59
68 23 60
68 24 22
68 25 11
68 26 69
68 27 45
68 28 23
68 29 59
68 30 40
68 31 56
68 32 46
68 33 76
68 34 75
68 35 17
68 36 14
68 37 37
68 38 60
68 39 25
68 40 86
68 41 12
68 42 69
68 43 57
68 44 27
68 45 55
68 46 63
68 47 38
68 48 11
68 49 12
68 50 13
68 51 58
68 52 74
68 53 74
68 54 79
68 55 58
68 56 45
68 57 56
68 58 83
68 59 63
68 60 39
68 61 77
68 62 66
68 63 71
68 64 47
68 65 20
68 66 66
68 67 69
68 68 56
68 69 32
68 70 64
68 71 79
68 72 55
68 73 67
68 74 64
68 75 31
68 76 37
68 77 63
68 78 29
68 79 49
68 80 26
68 81 36
68 82 60
68 83 65
68 84 27
68 85 52
68 86 25
68 87 10
68 88 55
68 89 46
68 90 80
68 91 17
68 92 27
68 93 74
68 94 63
68 95 60
68 96 35
68 97 44
68 98 40
69 1 82
69 2 35
69 3 30
69 4 26
69 5 87
69 6 39
69 7 30
69 8 70
69 9 26
69 10 47
69 11 23
69 12 49
69 13 67
69 14 13
69 15 10
69 16 44
69 17 83
69 18 34
69 19 77
69 20 52
69 21 30
69 22 75
69 23 67
69 24 40
69 25 34
69 26 52
69 27 86
69 28 70
69 29 88
69 30 64
69 31 14
69 32 62
69 33 31
69 34 55
69 35 22
69 36 27
69 37 54
69 38 57
69 39 61
69 40 34
69 41 30
69 42 57
69 43 56
69 44 75
69 45 82
69 46 15
69 47 41
69 48 66
69 49 54
69 50 58
69 51 67
69 52 61
69 53 30
69 54 90
69 55 16
69 56 41
69 57 46
69 58 90
69 59 87
69 60 12
69 61 52
69 62 11
69 63 11
69 64 46
69 65 71
69 66 15
69 67 69
69 68 56
69 69 81
69 70 45
69 71 75
69 72 49
69 73 44
69 74 18
69 75 72
69 76 35
69 77 48
69 78 38
69 79 13
69 80 75
69 81 15
69 82 64
69 83 25
69 84 85
69 85 90
69 86 83
69 87 90
69 88 26
69 89 78
69 90 40
69 91 40
69 92 33
69 93 88
69 94 75
69 95 74
69 96 57
69 97 17
69 98 60
70 1 32
70 2 21
70 3 75
70 4 45
70 5 18
70 6 82
70 7 45
70 8 59
70 9 52
70 10 17
70 11 80
70 12 88
70 13 84
70 14 41
70 15 67
70 16 26
70 17 80
70 18 64
70 19 58
70 20 31
70 21 30
70 22 41
70 23 10
70 24 36
70 25 90
70 26 21
70 27 33
70 28 50
70 29 31
70 30 87
70 31 30
70 32 66
70 33 51
70 34 17
70 35 68
70 36 51
70 37 87
70 38 38
70 39 53
70 40 60
70 41 47
70 42 63
70 43 50
70 44 11
70 45 83
70 46 81
70 47 55
70 48 53
70 49 44
70 50 48
70 51 23
70 52 63
70 53 26
70 54 18
70 55 57
70 56 58
70 57 70
70 58 85
70 59 24
70 60 53
70 61 14
70 62 44
70 63 56
70 64 33
70 65 15
70 66 15
70 67 74
70 68 57
70 69 68
70 70 74
70 71 49
70 72 15
70 73 68
70 74 16
70 75 37
70 76 24
70 77 54
70 78 60
70 79 82
70 80 90
70 81 39
70 82 71
70 83 48
70 84 77
70 85 51
70 86 48
70 87 44
70 88 84
70 89 32
70 90 77
70 91 68
70 92 55
70 93 52
70 94 60
70 95 28
70 96 21
70 97 62
70 98 74
71 1 58
71 2 88
71 3 32
71 4 18
71 5 75
71 6 37
71 7 22
71 8 80
71 9 53
71 10 64
71 11 51
71 12 20
71 13 46
71 14 84
71 15 75
71 16 54
71 17 49
71 18 17
71 19 21
71 20 29
71 21 75
71 22 17
71 23 59
71 24 54
71 25 45
71 26 44
71 27 80
71 28 42
71 29 32
71 30 86
71 31 28
71 32 52
71 33 27
71 34 27
71 35 87
71 36 33
71 37 46
71 38 27
71 39 57
71 40 79
71 41 80
71 42 48
71 43 44
71 44 42
71 45 77
71 46 45
71 47 49
71 48 46
71 49 73
71 50 53
71 51 50
71 52 86
71 53 67
71 54 71
71 55 56
71 56 23
71 57 17
71 58 28
71 59 62
71 60 81
71 61 28
71 62 38
71 63 15
71 64 20
71 65 66
71 66 34
71 67 53
71 68 54
71 69 76
71 70 41
71 71 42
71 72 62
71 73 43
71 74 45
71 75 87
71 76 77
71 77 83
71 78 60
71 79 17
71 80 14
71 81 36
71 82 72
71 83 32
71 84 86
71 85 39
71 86 24
71 87 33
71 88 58
71 89 45
71 90 87
71 91 30
71 92 75
71 93 43
71 94 74
71 95 72
71 96 18
71 97 20
71 98 47
72 1 52
72 2 83
72 3 80
72 4 73
72 5 87
72 6 63
72 7 51
72 8 47
72 9 56
72 10 14
72 11 43
72 12 22
72 13 11
72 14 25
72 15 15
72 16 83
72 17 59
72 18 86
72 19 31
72 20 55
72 21 33
72 22 34
72 23 14
72 24 82
72 25 10
72 26 64
72 27 85
72 28 55
72 29 68
72 30 62
72 31 23
72 32 84
72 33 23
72 34 54
72 35 82
72 36 14
72 37 47
72 38 12
72 39 85
72 40 22
72 41 77
72 42 51
72 43 83
72 44 85
72 45 19
72 46 31
72 47 11
72 48 21
72 49 90
72 50 52
72 51 68
72 52 90
72 53 12
72 54 78
72 55 71
72 56 78
72 57 73
72 58 70
72 59 33
72 60 62
72 61 57
72 62 53
72 63 10
72 64 55
72 65 57
72 66 45
72 67 25
72 68 67
72 69 18
72 70 38
72 71 24
72 72 81
72 73 39
72 74 90
72 75 10
72 76 12
72 77 90
72 78 82
72 79 22
72 80 10
72 81 62
72 82 21
72 83 28
72 84 23
72 85 34
72 86 29
72 87 84
72 88 55
72 89 86
72 90 44
72 91 36
72 92 52
72 93 76
72 94 89
72 95 62
72 96 15
72 97 54
72 98 56
73 1 44
73 2 66
73 3 46
73 4 38
73 5 13
73 6 59
73 7 28
73 8 13
73 9 16
73 10 20
73 11 45
73 12 57
73 13 56
73 14 24
73 15 89
73 16 49
73 17 47
73 18 57
73 19 37
73 20 48
73 21 15
73 22 52
73 23 40
73 24 42
73 25 75
73 26 20
73 27 31
73 28 23
73 29 82
73 30 75
73 31 80
73 32 67
73 33 89
73 34 22
73 35 20
73 36 78
73 37 43
73 38 40
73 39 15
73 40 46
73 41 59
73 42 20
73 43 52
73 44 13
73 45 29
73 46 38
73 47 11
73 48 68
73 49 37
73 50 50
73 51 67
73 52 85
73 53 45
73 54 66
73 55 72
73 56 45
73 57 82
73 58 43
73 59 23
73 60 37
73 61 17
73 62 49
73 63 12
73 64 35
73 65 73
73 66 39
73 67 60
73 68 61
73 69 47
73 70 11
73 71 15
73 72 10
73 73 42
73 74 77
73 75 76
73 76 58
73 77 47
73 78 85
73 79 80
73 80 87
73 81 25
73 82 18
73 83 89
73 84 53
73 85 67
73 86 79
73 87 50
73 88 16
73 89 53
73 90 36
73 91 90
73 92 30
73 93 11
73 94 52
73 95 73
73 96 55
73 97 54
73 98 89
74 1 35
74 2 51
74 3 40
74 4 19
74 5 26
74 6 65
74 7 22
74 8 72
74 9 85
74 10 87
74 11 78
74 12 77
74 13 61
74 14 48
74 15 25
74 16 73
74 17 44
74 18 65
74 19 67
74 20 90
74 21 90
74 22 26
74 23 61
74 24 36
74 25 14
74 26 90
74 27 29
74 28 46
74 29 20
74 30 20
74 31 82
74 32 34
74 33 44
74 34 87
74 35 63
74 36 68
74 37 75
74 38 76
74 39 33
74 40 62
74 41 33
74 42 90
74 43 71
74 44 12
74 45 63
74 46 41
74 47 77
74 48 30
74 49 46
74 50 33
74 51 24
74 52 75
74 53 56
74 54 16
74 55 54
74 56 83
74 57 40
74 58 57
74 59 67
74 60 77
74 61 84
74 62 17
74 63 55
74 64 23
74 65 70
74 66 79
74 67 75
74 68 15
74 69 89
74 70 74
74 71 86
74 72 28
74 73 82
74 74 81
74 75 29
74 76 60
74 77 46
74 78 64
74 79 85
74 80 61
74 81 37
74 82 59
74 83 60
74 84 62
74 85 84
74 86 76
74 87 13
74 88 61
74 89 48
74 90 84
74 91 71
74 92 53
74 93 42
74 94 70
74 95 27
74 96 79
74 97 76
74 98 38
75 1 18
75 2 27
75 3 64
75 4 22
75 5 71
75 6 20
75 7 36
75 8 83
75 9 80
75 10 28
75 11 69
75 12 26
75 13 64
75 14 49
75 15 58
75 16 37
75 17 29
75 18 67
75 19 31
75 20 80
75 21 55
75 22 18
75 23 78
75 24 80
75 25 12
75 26 13
75 27 14
75 28 61
75 29 36
75 30 85
75 31 10
75 32 61
75 33 18
75 34 19
75 35 58
75 36 50
75 37 37
75 38 83
75 39 51
75 40 60
75 41 42
75 42 34
75 43 66
75 44 74
75 45 21
75 46 59
75 47 46
75 48 65
75 49 11
75 50 14
75 51 85
75 52 74
75 53 70
75 54 33
75 55 17
75 56 43
75 57 46
75 58 11
75 59 77
75 60 13
75 61 23
75 62 25
75 63 45
75 64 45
75 65 11
75 66 86
75 67 36
75 68 10
75 69 15
75 70 56
75 71 26
75 72 49
75 73 63
75 74 25
75 75 11
75 76 74
75 77 63
75 78 41
75 79 19
75 80 81
75 81 59
75 82 86
75 83 59
75 84 85
75 85 86
75 86 82
75 87 67
75 88 56
75 89 87
75 90 77
75 91 40
75 92 64
75 93 44
75 94 61
75 95 72
75 96 83
75 97 29
75 98 74
76 1 30
76 2 52
76 3 14
76 4 49
76 5 86
76 6 66
76 7 45
76 8 49
76 9 17
76 10 74
76 11 36
76 12 41
76 13 65
76 14 88
76 15 25
76 16 66
76 17 68
76 18 77
76 19 17
76 20 33
76 21 28
76 22 60
76 23 54
76 24 72
76 25 19
76 26 30
76 27 21
76 28 30
76 29 70
76 30 32
76 31 66
76 32 24
76 33 18
76 34 88
76 35 47
76 36 66
76 37 82
76 38 72
76 39 78
76 40 14
76 41 87
76 42 39
76 43 32
76 44 66
76 45 26
76 46 12
76 47 15
76 48 69
76 49 13
76 50 77
76 51 57
76 52 73
76 53 73
76 54 57
76 55 21
76 56 59
76 57 25
76 58 47
76 59 40
76 60 22
76 61 51
76 62 22
76 63 17
76 64 57
76 65 10
76 66 89
76 67 45
76 68 26
76 69 14
76 70 84
76 71 62
76 72 43
76 73 34
76 74 88
76 75 17
76 76 69
76 77 79
76 78 27
76 79 50
76 80 29
76 81 57
76 82 20
76 83 73
76 84 24
76 85 19
76 86 14
76 87 33
76 88 45
76 89 19
76 90 57
76 91 19
76 92 39
76 93 53
76 94 75
76 95 69
76 96 77
76 97 44
76 98 27
77 1 82
77 2 46
77 3 60
77 4 44
77 5 88
77 6 81
77 7 79
77 8 20
77 9 26
77 10 61
77 11 73
77 12 48
77 13 76
77 14 71
77 15 85
77 16 64
77 17 55
77 18 81
77 19 87
77 20 76
77 21 52
77 22 48
77 23 72
77 24 81
77 25 85
77 26 73
77 27 70
77 28 43
77 29 11
77 30 24
77 31 76
77 32 17
77 33 90
77 34 21
77 35 26
77 36 36
77 37 37
77 38 37
77 39 80
77 40 66
77 41 51
77 42 41
77 43 76
77 44 18
77 45 79
77 46 30
77 47 34
77 48 50
77 49 32
77 50 80
77 51 51
77 52 90
77 53 58
77 54 27
77 55 60
77 56 70
77 57 60
77 58 61
77 59 68
77 60 90
77 61 76
77 62 47
77 63 32
77 64 57
77 65 18
77 66 63
77 67 37
77 68 16
77 69 47
77 70 41
77 71 11
77 72 56
77 73 71
77 74 49
77 75 15
77 76 28
77 77 51
77 78 33
77 79 88
77 80 52
77 81 49
77 82 43
77 83 12
77 84 77
77 85 73
77 86 46
77 87 33
77 88 16
77 89 13
77 90 20
77 91 70
77 92 13
77 93 32
77 94 29
77 95 35
77 96 60
77 97 69
77 98 51
78 1 74
78 2 41
78 3 29
78 4 19
78 5 79
78 6 79
78 7 27
78 8 71
78 9 21
78 10 76
78 11 46
78 12 62
78 13 52
78 14 62
78 15 33
78 16 74
78 17 10
78 18 80
78 19 13
78 20 90
78 21 78
78 22 71
78 23 55
78 24 53
78 25 19
78 26 31
78 27 53
78 28 64
78 29 54
78 30 78
78 31 22
78 32 15
78 33 42
78 34 66
78 35 48
78 36 39
78 37 49
78 38 46
78 39 48
78 40 86
78 41 61
78 42 61
78 43 11
78 44 60
78 45 80
78 46 80
78 47 27
78 48 43
78 49 79
78 50 86
78 51 30
78 52 10
78 53 38
78 54 53
78 55 42
78 56 55
78 57 19
78 58 21
78 59 74
78 60 26
78 61 15
78 62 20
78 63 80
78 64 65
78 65 76
78 66 24
78 67 11
78 68 82
78 69 42
78 70 46
78 71 31
78 72 62
78 73 31
78 74 69
78 75 60
78 76 33
78 77 37
78 78 32
78 79 61
78 80 14
78 81 20
78 82 24
78 83 81
78 84 84
78 85 78
78 86 13
78 87 85
78 88 42
78 89 51
78 90 57
78 91 87
78 92 87
78 93 21
78 94 48
78 95 30
78 96 62
78 97 90
78 98 21
79 1 64
79 2 30
79 3 43
79 4 82
79 5 29
79 6 21
79 7 44
79 8 75
79 9 53
79 10 50
79 11 73
79 12 47
79 13 11
79 14 19
79 15 63
79 16 69
79 17 12
79 18 62
79 19 46
79 20 54
79 21 15
79 22 45
79 23 49
79 24 20
79 25 12
79 26 64
79 27 55
79 28 74
79 29 26
79 30 26
79 31 40
79 32 82
79 33 29
79 34 74
79 35 13
79 36 74
79 37 10
79 38 65
79 39 74
79 40 10
79 41 82
79 42 38
79 43 38
79 44 24
79 45 69
79 46 78
79 47 45
79 48 85
79 49 60
79 50 32
79 51 48
79 52 23
79 53 65
79 54 33
79 55 68
79 56 61
79 57 65
79 58 63
79 59 47
79 60 73
79 61 59
79 62 33
79 63 66
79 64 74
79 65 87
79 66 20
79 67 57
79 68 79
79 69 53
79 70 90
79 71 82
79 72 23
79 73 66
79 74 26
79 75 90
79 76 83
79 77 29
79 78 34
79 79 21
79 80 20
79 81 85
79 82 75
79 83 39
79 84 77
79 85 32
79 86 64
79 87 25
79 88 58
79 89 53
79 90 79
79 91 20
79 92 23
79 93 61
79 94 88
79 95 24
79 96 10
79 97 23
79 98 28
80 1 21
80 2 61
80 3 32
80 4 31
80 5 28
80 6 83
80 7 22
80 8 69
80 9 73
80 10 17
80 11 80
80 12 48
80 13 70
80 14 64
80 15 57
80 16 32
80 17 62
80 18 28
80 19 53
80 20 26
80 21 86
80 22 80
80 23 83
80 24 52
80 25 45
80 26 25
80 27 23
80 28 53
80 29 10
80 30 22
80 31 58
80 32 58
80 33 89
80 34 29
80 35 62
80 36 47
80 37 51
80 38 44
80 39 71
80 40 44
80 41 39
80 42 54
80 43 48
80 44 73
80 45 10
80 46 70
80 47 83
80 48 48
80 49 84
80 50 37
80 51 65
80 52 36
80 53 53
80 54 38
80 55 87
80 56 75
80 57 19
80 58 40
80 59 32
80 60 14
80 61 10
80 62 64
80 63 50
80 64 55
80 65 65
80 66 63
80 67 81
80 68 25
80 69 58
80 70 48
80 71 72
80 72 71
80 73 30
80 74 64
80 75 14
80 76 40
80 77 89
80 78 89
80 79 80
80 80 82
80 81 20
80 82 16
80 83 21
80 84 55
80 85 85
80 86 80
80 87 22
80 88 71
80 89 76
80 90 56
80 91 81
80 92 69
80 93 51
80 94 88
80 95 87
80 96 69
80 97 37
80 98 64
81 1 52
81 2 17
81 3 67
81 4 72
81 5 17
81 6 78
81 7 67
81 8 41
81 9 55
81 10 23
81 11 53
81 12 66
81 13 27
81 14 67
81 15 70
81 16 83
81 17 70
81 18 51
81 19 22
81 20 56
81 21 20
81 22 40
81 23 77
81 24 13
81 25 20
81 26 38
81 27 51
81 28 34
81 29 63
81 30 50
81 31 55
81 32 24
81 33 26
81 34 84
81 35 49
81 36 32
81 37 56
81 38 66
81 39 49
81 40 54
81 41 23
81 42 78
81 43 39
81 44 13
81 45 28
81 46 59
81 47 16
81 48 20
81 49 51
81 50 39
81 51 19
81 52 77
81 53 75
81 54 47
81 55 61
81 56 61
81 57 61
81 58 20
81 59 67
81 60 72
81 61 59
81 62 31
81 63 42
81 64 22
81 65 51
81 66 37
81 67 53
81 68 12
81 69 45
81 70 16
81 71 74
81 72 18
81 73 33
81 74 46
81 75 16
81 76 13
81 77 33
81 78 51
81 79 53
81 80 18
81 81 36
81 82 64
81 83 87
81 84 73
81 85 53
81 86 69
81 87 81
81 88 43
81 89 47
81 90 74
81 91 90
81 92 68
81 93 45
81 94 37
81 95 23
81 96 62
81 97 13
81 98 78
82 1 38
82 2 19
82 3 42
82 4 77
82 5 50
82 6 40
82 7 46
82 8 25
82 9 74
82 10 34
82 11 17
82 12 62
82 13 69
82 14 70
82 15 23
82 16 12
82 17 55
82 18 31
82 19 65
82 20 26
82 21 72
82 22 65
82 23 40
82 24 26
82 25 36
82 26 81
82 27 65
82 28 67
82 29 51
82 30 48
82 31 76
82 32 27
82 33 71
82 34 27
82 35 35
82 36 80
82 37 67
82 38 32
82 39 40
82 40 87
82 41 74
82 42 48
82 43 48
82 44 87
82 45 62
82 46 12
82 47 55
82 48 64
82 49 23
82 50 73
82 51 79
82 52 33
82 53 36
82 54 74
82 55 34
82 56 15
82 57 80
82 58 26
82 59 30
82 60 31
82 61 31
82 62 45
82 63 11
82 64 89
82 65 28
82 66 26
82 67 68
82 68 75
82 69 81
82 70 85
82 71 21
82 72 89
82 73 20
82 74 54
82 75 40
82 76 55
82 77 15
82 78 65
82 79 23
82 80 65
82 81 30
82 82 61
82 83 38
82 84 89
82 85 61
82 86 31
82 87 73
82 88 82
82 89 48
82 90 78
82 91 36
82 92 53
82 93 31
82 94 65
82 95 38
82 96 49
82 97 45
82 98 11
83 1 81
83 2 66
83 3 47
83 4 76
83 5 46
83 6 61
83 7 70
83 8 11
83 9 39
83 10 75
83 11 79
83 12 70
83 13 74
83 14 23
83 15 53
83 16 81
83 17 33
83 18 89
83 19 63
83 20 22
83 21 87
83 22 65
83 23 74
83 24 36
83 25 52
83 26 63
83 27 89
83 28 44
83 29 48
83 30 13
83 31 28
83 32 78
83 33 51
83 34 78
83 35 54
83 36 30
83 37 89
83 38 25
83 39 58
83 40 88
83 41 44
83 42 73
83 43 36
83 44 86
83 45 78
83 46 23
83 47 59
83 48 35
83 49 18
83 50 82
83 51 57
83 52 87
83 53 10
83 54 41
83 55 56
83 56 63
83 57 22
83 58 86
83 59 25
83 60 41
83 61 34
83 62 70
83 63 27
83 64 19
83 65 51
83 66 34
83 67 70
83 68 38
83 69 44
83 70 90
83 71 31
83 72 40
83 73 21
83 74 59
83 75 28
83 76 81
83 77 77
83 78 31
83 79 37
83 80 81
83 81 40
83 82 90
83 83 73
83 84 35
83 85 70
83 86 32
83 87 78
83 88 64
83 89 74
83 90 56
83 91 13
83 92 33
83 93 49
83 94 56
83 95 71
83 96 89
83 97 79
83 98 87
84 1 64
84 2 28
84 3 12
84 4 39
84 5 74
84 6 73
84 7 84
84 8 69
84 9 57
84 10 69
84 11 34
84 12 43
84 13 29
84 14 61
84 15 28
84 16 51
84 17 43
84 18 19
84 19 86
84 20 68
84 21 85
84 22 65
84 23 71
84 24 16
84 25 32
84 26 38
84 27 81
84 28 77
84 29 11
84 30 61
84 31 13
84 32 46
84 33 50
84 34 79
84 35 39
84 36 77
84 37 69
84 38 50
84 39 26
84 40 15
84 41 11
84 42 15
84 43 51
84 44 61
84 45 17
84 46 58
84 47 48
84 48 63
84 49 29
84 50 67
84 51 81
84 52 30
84 53 44
84 54 34
84 55 81
84 56 48
84 57 36
84 58 27
84 59 52
84 60 78
84 61 90
84 62 50
84 63 20
84 64 54
84 65 80
84 66 90
84 67 42
84 68 58
84 69 89
84 70 61
84 71 42
84 72 52
84 73 27
84 74 72
84 75 51
84 76 14
84 77 40
84 78 37
84 79 25
84 80 59
84 81 83
84 82 44
84 83 48
84 84 40
84 85 84
84 86 45
84 87 31
84 88 49
84 89 16
84 90 62
84 91 43
84 92 89
84 93 35
84 94 37
84 95 29
84 96 76
84 97 47
84 98 39
85 1 65
85 2 83
85 3 88
85 4 72
85 5 67
85 6 79
85 7 36
85 8 74
85 9 46
85 10 64
85 11 83
85 12 31
85 13 35
85 14 84
85 15 66
85 16 27
85 17 39
85 18 72
85 19 43
85 20 43
85 21 22
85 22 69
85 23 33
85 24 45
85 25 30
85 26 43
85 27 57
85 28 44
85 29 14
85 30 82
85 31 46
85 32 69
85 33 24
85 34 24
85 35 64
85 36 70
85 37 88
85 38 29
85 39 61
85 40 44
85 41 48
85 42 52
85 43 61
85 44 76
85 45 11
85 46 55
85 47 48
85 48 55
85 49 82
85 50 77
85 51 71
85 52 19
85 53 27
85 54 85
85 55 23
85 56 25
85 57 29
85 58 54
85 59 83
85 60 33
85 61 20
85 62 39
85 63 44
85 64 50
85 65 35
85 66 84
85 67 29
85 68 47
85 69 77
85 70 68
85 71 53
85 72 62
85 73 58
85 74 85
85 75 10
85 76 17
85 77 90
85 78 55
85 79 50
85 80 51
85 81 83
85 82 46
85 83 48
85 84 46
85 85 42
85 86 69
85 87 23
85 88 62
85 89 59
85 90 27
85 91 39
85 92 28
85 93 63
85 94 61
85 95 22
85 96 27
85 97 64
85 98 49
86 1 28
86 2 41
86 3 65
86 4 55
86 5 27
86 6 31
86 7 12
86 8 23
86 9 79
86 10 20
86 11 59
86 12 36
86 13 38
86 14 25
86 15 88
86 16 39
86 17 74
86 18 26
86 19 37
86 20 76
86 21 71
86 22 28
86 23 31
86 24 79
86 25 79
86 26 90
86 27 48
86 28 84
86 29 66
86 30 52
86 31 62
86 32 58
86 33 19
86 34 80
86 35 62
86 36 71
86 37 54
86 38 87
86 39 24
86 40 78
86 41 38
86 42 58
86 43 23
86 44 17
86 45 73
86 46 53
86 47 10
86 48 10
86 49 53
86 50 57
86 51 24
86 52 67
86 53 44
86 54 75
86 55 47
86 56 34
86 57 89
86 58 64
86 59 50
86 60 39
86 61 56
86 62 54
86 63 32
86 64 49
86 65 32
86 66 51
86 67 59
86 68 30
86 69 45
86 70 56
86 71 35
86 72 67
86 73 76
86 74 19
86 75 57
86 76 12
86 77 25
86 78 66
86 79 79
86 80 88
86 81 81
86 82 62
86 83 90
86 84 83
86 85 31
86 86 85
86 87 43
86 88 21
86 89 76
86 90 86
86 91 79
86 92 14
86 93 81
86 94 40
86 95 11
86 96 25
86 97 67
86 98 34
87 1 76
87 2 10
87 3 66
87 4 82
87 5 52
87 6 90
87 7 16
87 8 67
87 9 83
87 10 88
87 11 46
87 12 10
87 13 33
87 14 75
87 15 90
87 16 29
87 17 88
87 18 23
87 19 28
87 20 55
87 21 57
87 22 38
87 23 79
87 24 23
87 25 82
87 26 26
87 27 65
87 28 29
87 29 22
87 30 56
87 31 82
87 32 48
87 33 25
87 34 74
87 35 61
87 36 62
87 37 81
87 38 59
87 39 63
87 40 61
87 41 63
87 42 77
87 43 37
87 44 48
87 45 89
87 46 89
87 47 45
87 48 44
87 49 83
87 50 72
87 51 67
87 52 31
87 53 21
87 54 52
87 55 64
87 56 87
87 57 58
87 58 55
87 59 69
87 60 73
87 61 24
87 62 21
87 63 51
87 64 41
87 65 34
87 66 28
87 67 79
87 68 11
87 69 43
87 70 31
87 71 83
87 72 87
87 73 16
87 74 47
87 75 56
87 76 62
87 77 48
87 78 28
87 79 80
87 80 31
87 81 16
87 82 77
87 83 81
87 84 61
87 85 52
87 86 26
87 87 76
87 88 68
87 89 70
87 90 88
87 91 84
87 92 55
87 93 24
87 94 70
87 95 65
87 96 84
87 97 39
87 98 28
88 1 56
88 2 47
88 3 25
88 4 67
88 5 82
88 6 50
88 7 45
88 8 72
88 9 81
88 10 28
88 11 57
88 12 39
88 13 31
88 14 78
88 15 41
88 16 50
88 17 59
88 18 88
88 19 69
88 20 20
88 21 50
88 22 35
88 23 50
88 24 25
88 25 35
88 26 27
88 27 77
88 28 83
88 29 86
88 30 42
88 31 71
88 32 54
88 33 34
88 34 12
88 35 69
88 36 77
88 37 42
88 38 84
88 39 46
88 40 14
88 41 47
88 42 89
88 43 87
88 44 23
88 45 22
88 46 35
88 47 73
88 48 53
88 49 38
88 50 44
88 51 42
88 52 24
88 53 64
88 54 29
88 55 72
88 56 54
88 57 88
88 58 25
88 59 75
88 60 58
88 61 47
88 62 10
88 63 63
88 64 89
88 65 34
88 66 42
88 67 75
88 68 29
88 69 12
88 70 76
88 71 67
88 72 66
88 73 35
88 74 25
88 75 25
88 76 22
88 77 77
88 78 37
88 79 40
88 80 12
88 81 10
88 82 48
88 83 71
88 84 67
88 85 69
88 86 86
88 87 71
88 88 25
88 89 16
88 90 59
88 91 58
88 92 22
88 93 37
88 94 21
88 95 77
88 96 53
88 97 19
88 98 89
89 1 74
89 2 47
89 3 48
89 4 32
89 5 66
89 6 30
89 7 71
89 8 50
89 9 76
89 10 90
89 11 79
89 12 57
89 13 65
89 14 62
89 15 81
89 16 41
89 17 29
89 18 60
89 19 41
89 20 77
89 21 16
89 22 44
89 23 47
89 24 15
89 25 73
89 26 24
89 27 90
89 28 43
89 29 78
89 30 60
89 31 65
89 32 66
89 33 89
89 34 61
89 35 57
89 36 54
89 37 21
89 38 54
89 39 55
89 40 13
89 41 31
89 42 54
89 43 40
89 44 27
89 45 34
89 46 85
89 47 30
89 48 39
89 49 49
89 50 79
89 51 57
89 52 34
89 53 47
89 54 58
89 55 40
89 56 64
89 57 34
89 58 65
89 59 64
89 60 66
89 61 30
89 62 48
89 63 22
89 64 22
89 65 63
89 66 90
89 67 43
89 68 24
89 69 42
89 70 87
89 71 89
89 72 84
89 73 88
89 74 45
89 75 56
89 76 49
89 77 81
89 78 11
89 79 10
89 80 11
89 81 59
89 82 64
89 83 71
89 84 85
89 85 72
89 86 38
89 87 58
89 88 75
89 89 39
89 90 14
89 91 87
89 92 70
89 93 57
89 94 75
89 95 81
89 96 53
89 97 83
89 98 47
90 1 60
90 2 75
90 3 24
90 4 37
90 5 65
90 6 63
90 7 87
90 8 76
90 9 88
90 10 20
90 11 25
90 12 68
90 13 32
90 14 39
90 15 37
90 16 40
90 17 16
90 18 69
90 19 50
90 20 20
90 21 53
90 22 24
90 23 74
90 24 37
90 25 51
90 26 42
90 27 73
90 28 14
90 29 12
90 30 90
90 31 85
90 32 53
90 33 50
90 34 78
90 35 53
90 36 53
90 37 80
90 38 50
90 39 64
90 40 29
90 41 38
90 42 69
90 43 11
90 44 46
90 45 82
90 46 22
90 47 41
90 48 74
90 49 63
90 50 67
90 51 29
90 52 10
90 53 39
90 54 26
90 55 72
90 56 39
90 57 25
90 58 89
90 59 35
90 60 67
90 61 88
90 62 79
90 63 31
90 64 67
90 65 58
90 66 14
90 67 55
90 68 32
90 69 39
90 70 12
90 71 17
90 72 73
90 73 23
90 74 35
90 75 54
90 76 77
90 77 72
90 78 13
90 79 48
90 80 30
90 81 49
90 82 72
90 83 11
90 84 21
90 85 31
90 86 85
90 87 67
90 88 38
90 89 21
90 90 75
90 91 17
90 92 74
90 93 83
90 94 81
90 95 72
90 96 51
90 97 81
90 98 60
91 1 39
91 2 52
91 3 21
91 4 19
91 5 40
91 6 65
91 7 28
91 8 21
91 9 69
91 10 62
91 11 64
91 12 76
91 13 45
91 14 10
91 15 17
91 16 86
91 17 81
91 18 16
91 19 43
91 20 80
91 21 18
91 22 30
91 23 15
91 24 32
91 25 67
91 26 36
91 27 84
91 28 61
91 29 88
91 30 78
91 31 38
91 32 18
91 33 64
91 34 61
91 35 79
91 36 30
91 37 66
91 38 68
91 39 60
91 40 87
91 41 32
91 42 86
91 43 46
91 44 30
91 45 34
91 46 63
91 47 76
91 48 58
91 49 78
91 50 69
91 51 88
91 52 66
91 53 30
91 54 63
91 55 63
91 56 68
91 57 69
91 58 63
91 59 71
91 60 14
91 61 58
91 62 83
91 63 27
91 64 58
91 65 53
91 66 71
91 67 90
91 68 58
91 69 43
91 70 84
91 71 78
91 72 64
91 73 83
91 74 43
91 75 51
91 76 33
91 77 49
91 78 25
91 79 84
91 80 11
91 81 22
91 82 30
91 83 87
91 84 65
91 85 30
91 86 89
91 87 32
91 88 53
91 89 83
91 90 75
91 91 15
91 92 52
91 93 60
91 94 58
91 95 21
91 96 13
91 97 44
91 98 66
92 1 54
92 2 38
92 3 85
92 4 20
92 5 46
92 6 87
92 7 42
92 8 49
92 9 67
92 10 78
92 11 46
92 12 39
92 13 42
92 14 81
92 15 62
92 16 82
92 17 59
92 18 46
92 19 63
92 20 61
92 21 24
92 22 23
92 23 85
92 24 85
92 25 53
92 26 69
92 27 41
92 28 28
92 29 20
92 30 39
92 31 31
92 32 79
92 33 31
92 34 28
92 35 22
92 36 85
92 37 36
92 38 30
92 39 87
92 40 41
92 41 58
92 42 71
92 43 69
92 44 35
92 45 21
92 46 79
92 47 72
92 48 54
92 49 29
92 50 59
92 51 83
92 52 47
92 53 22
92 54 21
92 55 25
92 56 90
92 57 48
92 58 17
92 59 43
92 60 47
92 61 74
92 62 64
92 63 27
92 64 30
92 65 56
92 66 59
92 67 70
92 68 84
92 69 15
92 70 69
92 71 71
92 72 13
92 73 36
92 74 67
92 75 31
92 76 90
92 77 75
92 78 51
92 79 76
92 80 55
92 81 18
92 82 47
92 83 22
92 84 71
92 85 47
92 86 73
92 87 73
92 88 53
92 89 46
92 90 16
92 91 62
92 92 40
92 93 38
92 94 64
92 95 33
92 96 53
92 97 81
92 98 71
93 1 26
93 2 89
93 3 54
93 4 32
93 5 69
93 6 75
93 7 34
93 8 11
93 9 34
93 10 57
93 11 57
93 12 20
93 13 43
93 14 55
93 15 54
93 16 24
93 17 45
93 18 55
93 19 32
93 20 70
93 21 53
93 22 62
93 23 10
93 24 41
93 25 43
93 26 77
93 27 59
93 28 61
93 29 54
93 30 61
93 31 38
93 32 16
93 33 74
93 34 49
93 35 78
93 36 74
93 37 34
93 38 69
93 39 23
93 40 79
93 41 70
93 42 42
93 43 77
93 44 21
93 45 15
93 46 45
93 47 76
93 48 51
93 49 63
93 50 29
93 51 48
93 52 18
93 53 46
93 54 30
93 55 72
93 56 41
93 57 57
93 58 21
93 59 83
93 60 38
93 61 76
93 62 52
93 63 14
93 64 25
93 65 81
93 66 36
93 67 67
93 68 44
93 69 29
93 70 63
93 71 65
93 72 45
93 73 81
93 74 16
93 75 35
93 76 14
93 77 82
93 78 61
93 79 21
93 80 40
93 81 47
93 82 27
93 83 47
93 84 80
93 85 29
93 86 39
93 87 47
93 88 16
93 89 80
93 90 13
93 91 66
93 92 75
93 93 32
93 94 34
93 95 71
93 96 57
93 97 79
93 98 80
94 1 70
94 2 86
94 3 21
94 4 13
94 5 58
94 6 59
94 7 15
94 8 20
94 9 90
94 10 67
94 11 68
94 12 42
94 13 10
94 14 87
94 15 49
94 16 21
94 17 51
94 18 66
94 19 49
94 20 87
94 21 54
94 22 36
94 23 39
94 24 24
94 25 57
94 26 29
94 27 40
94 28 15
94 29 10
94 30 25
94 31 43
94 32 86
94 33 62
94 34 11
94 35 78
94 36 46
94 37 27
94 38 55
94 39 75
94 40 33
94 41 45
94 42 79
94 43 14
94 44 46
94 45 72
94 46 77
94 47 35
94 48 27
94 49 40
94 50 89
94 51 71
94 52 12
94 53 23
94 54 86
94 55 88
94 56 45
94 57 75
94 58 48
94 59 39
94 60 28
94 61 62
94 62 22
94 63 65
94 64 22
94 65 76
94 66 66
94 67 66
94 68 73
94 69 69
94 70 57
94 71 79
94 72 29
94 73 87
94 74 62
94 75 50
94 76 22
94 77 48
94 78 21
94 79 26
94 80 14
94 81 81
94 82 13
94 83 43
94 84 19
94 85 68
94 86 47
94 87 82
94 88 15
94 89 62
94 90 17
94 91 70
94 92 36
94 93 71
94 94 12
94 95 75
94 96 64
94 97 86
94 98 87
95 1 59
95 2 80
95 3 45
95 4 18
95 5 48
95 6 21
95 7 18
95 8 66
95 9 82
95 10 86
95 11 33
95 12 25
95 13 26
95 14 42
95 15 73
95 16 12
95 17 55
95 18 19
95 19 21
95 20 23
95 21 34
95 22 14
95 23 40
95 24 30
95 25 60
95 26 45
95 27 63
95 28 17
95 29 63
95 30 80
95 31 10
95 32 67
95 33 86
95 34 62
95 35 48
95 36 46
95 37 64
95 38 20
95 39 47
95 40 25
95 41 11
95 42 76
95 43 60
95 44 52
95 45 59
95 46 61
95 47 32
95 48 18
95 49 15
95 50 73
95 51 58
95 52 78
95 53 68
95 54 22
95 55 75
95 56 68
95 57 39
95 58 65
95 59 89
95 60 42
95 61 28
95 62 38
95 63 79
95 64 16
95 65 47
95 66 81
95 67 63
95 68 33
95 69 69
95 70 75
95 71 51
95 72 18
95 73 60
95 74 69
95 75 34
95 76 77
95 77 15
95 78 61
95 79 18
95 80 45
95 81 72
95 82 36
95 83 65
95 84 64
95 85 13
95 86 89
95 87 78
95 88 75
95 89 49
95 90 34
95 91 84
95 92 35
95 93 48
95 94 56
95 95 13
95 96 20
95 97 68
95 98 21
96 1 48
96 2 63
96 3 22
96 4 37
96 5 19
96 6 10
96 7 28
96 8 49
96 9 50
96 10 72
96 11 38
96 12 23
96 13 19
96 14 78
96 15 82
96 16 68
96 17 39
96 18 45
96 19 67
96 20 52
96 21 59
96 22 90
96 23 31
96 24 68
96 25 69
96 26 48
96 27 20
96 28 25
96 29 79
96 30 74
96 31 22
96 32 81
96 33 33
96 34 67
96 35 36
96 36 65
96 37 26
96 38 78
96 39 84
96 40 38
96 41 31
96 42 34
96 43 89
96 44 18
96 45 32
96 46 70
96 47 45
96 48 82
96 49 72
96 50 65
96 51 66
96 52 59
96 53 88
96 54 84
96 55 80
96 56 65
96 57 75
96 58 34
96 59 12
96 60 42
96 61 73
96 62 85
96 63 49
96 64 48
96 65 16
96 66 56
96 67 74
96 68 72
96 69 84
96 70 64
96 71 25
96 72 87
96 73 90
96 74 65
96 75 11
96 76 27
96 77 81
96 78 81
96 79 56
96 80 85
96 81 15
96 82 39
96 83 30
96 84 60
96 85 55
96 86 58
96 87 80
96 88 76
96 89 87
96 90 66
96 91 51
96 92 46
96 93 85
96 94 32
96 95 48
96 96 66
96 97 38
96 98 11
97 1 55
97 2 25
97 3 89
97 4 63
97 5 79
97 6 21
97 7 63
97 8 63
97 9 51
97 10 89
97 11 67
97 12 90
97 13 46
97 14 90
97 15 63
97 16 13
97 17 78
97 18 67
97 19 61
97 20 86
97 21 16
97 22 79
97 23 31
97 24 44
97 25 61
97 26 87
97 27 57
97 28 33
97 29 54
97 30 59
97 31 26
97 32 75
97 33 28
97 34 85
97 35 73
97 36 14
97 37 35
97 38 42
97 39 81
97 40 89
97 41 12
97 42 68
97 43 89
97 44 40
97 45 36
97 46 39
97 47 79
97 48 57
97 49 37
97 50 46
97 51 46
97 52 33
97 53 81
97 54 64
97 55 11
97 56 72
97 57 66
97 58 65
97 59 33
97 60 34
97 61 26
97 62 41
97 63 67
97 64 20
97 65 83
97 66 42
97 67 54
97 68 32
97 69 89
97 70 12
97 71 59
97 72 27
97 73 45
97 74 77
97 75 59
97 76 68
97 77 13
97 78 40
97 79 84
97 80 39
97 81 38
97 82 77
97 83 45
97 84 54
97 85 65
97 86 36
97 87 80
97 88 80
97 89 33
97 90 46
97 91 85
97 92 89
97 93 24
97 94 81
97 95 11
97 96 46
97 97 44
97 98 80
98 1 13
98 2 69
98 3 82
98 4 56
98 5 65
98 6 72
98 7 10
98 8 28
98 9 80
98 10 54
98 11 55
98 12 27
98 13 83
98 14 47
98 15 89
98 16 22
98 17 68
98 18 17
98 19 88
98 20 90
98 21 68
98 22 62
98 23 70
98 24 55
98 25 86
98 26 83
98 27 27
98 28 21
98 29 30
98 30 27
98 31 84
98 32 15
98 33 27
98 34 75
98 35 78
98 36 37
98 37 25
98 38 21
98 39 87
98 40 35
98 41 10
98 42 30
98 43 81
98 44 88
98 45 72
98 46 43
98 47 13
98 48 55
98 49 33
98 50 22
98 51 73
98 52 66
98 53 17
98 54 41
98 55 86
98 56 85
98 57 23
98 58 13
98 59 82
98 60 60
98 61 72
98 62 22
98 63 12
98 64 23
98 65 48
98 66 33
98 67 73
98 68 64
98 69 17
98 70 13
98 71 31
98 72 61
98 73 40
98 74 66
98 75 40
98 76 13
98 77 37
98 78 37
98 79 56
98 80 30
98 81 55
98 82 10
98 83 87
98 84 24
98 85 71
98 86 66
98 87 44
98 88 30
98 89 24
98 90 81
98 91 83
98 92 52
98 93 33
98 94 80
98 95 10
98 96 33
98 97 75
98 98 16
